name,src_file,src_line,ns_since_start,exec_time_ns,thread,value
Physics::Step,C:\Users\╨┐╨║\Documents\GitHub\myengine\engine\src\ecs\systems\PhysicsSystem.cpp,748,1079960797,4833902,2,
Physics::Step,C:\Users\╨┐╨║\Documents\GitHub\myengine\engine\src\ecs\systems\PhysicsSystem.cpp,748,1084794820,4563127,2,
Physics::Step,C:\Users\╨┐╨║\Documents\GitHub\myengine\engine\src\ecs\systems\PhysicsSystem.cpp,748,1089357977,3987471,2,
Physics::Step,C:\Users\╨┐╨║\Documents\GitHub\myengine\engine\src\ecs\systems\PhysicsSystem.cpp,748,1125173651,4962833,2,
Physics::Step,C:\Users\╨┐╨║\Documents\GitHub\myengine\engine\src\ecs\systems\PhysicsSystem.cpp,748,1130136614,4069518,2,
Physics::Step,C:\Users\╨┐╨║\Documents\GitHub\myengine\engine\src\ecs\systems\PhysicsSystem.cpp,748,1149827661,4690099,2,
Physics::Step,C:\Users\╨┐╨║\Documents\GitHub\myengine\engine\src\ecs\systems\PhysicsSystem.cpp,748,1154517830,3570528,2,
Physics::Step,C:\Users\╨┐╨║\Documents\GitHub\myengine\engine\src\ecs\systems\PhysicsSystem.cpp,748,1171224752,5228233,2,
Physics::Step,C:\Users\╨┐╨║\Documents\GitHub\myengine\engine\src\ecs\systems\PhysicsSystem.cpp,748,1191387988,4427268,2,
Physics::Step,C:\Users\╨┐╨║\Documents\GitHub\myengine\engine\src\ecs\systems\PhysicsSystem.cpp,748,1208759670,4821108,2,
Physics::Step,C:\Users\╨┐╨║\Documents\GitHub\myengine\engine\src\ecs\systems\PhysicsSystem.cpp,748,1225939636,3788122,2,
Physics::Step,C:\Users\╨┐╨║\Documents\GitHub\myengine\engine\src\ecs\systems\PhysicsSystem.cpp,748,1242662222,3578683,2,
Physics::Step,C:\Users\╨┐╨║\Documents\GitHub\myengine\engine\src\ecs\systems\PhysicsSystem.cpp,748,1259336846,3746828,2,
Physics::Step,C:\Users\╨┐╨║\Documents\GitHub\myengine\engine\src\ecs\systems\PhysicsSystem.cpp,748,1277036793,2983805,2,
Physics::Step,C:\Users\╨┐╨║\Documents\GitHub\myengine\engine\src\ecs\systems\PhysicsSystem.cpp,748,1292715039,4303649,2,
Physics::Step,C:\Users\╨┐╨║\Documents\GitHub\myengine\engine\src\ecs\systems\PhysicsSystem.cpp,748,1309524602,3254250,2,
Physics::Step,C:\Users\╨┐╨║\Documents\GitHub\myengine\engine\src\ecs\systems\PhysicsSystem.cpp,748,1325580649,3513403,2,
Physics::Step,C:\Users\╨┐╨║\Documents\GitHub\myengine\engine\src\ecs\systems\PhysicsSystem.cpp,748,1341970660,2827299,2,
Physics::Step,C:\Users\╨┐╨║\Documents\GitHub\myengine\engine\src\ecs\systems\PhysicsSystem.cpp,748,1357720225,3041054,2,
Physics::Step,C:\Users\╨┐╨║\Documents\GitHub\myengine\engine\src\ecs\systems\PhysicsSystem.cpp,748,1372878293,7293375,2,
Physics::Step,C:\Users\╨┐╨║\Documents\GitHub\myengine\engine\src\ecs\systems\PhysicsSystem.cpp,748,1394436424,4966375,2,
Physics::Step,C:\Users\╨┐╨║\Documents\GitHub\myengine\engine\src\ecs\systems\PhysicsSystem.cpp,748,1399402940,3221973,2,
Physics::Step,C:\Users\╨┐╨║\Documents\GitHub\myengine\engine\src\ecs\systems\PhysicsSystem.cpp,748,1414885563,4366299,2,
Physics::Step,C:\Users\╨┐╨║\Documents\GitHub\myengine\engine\src\ecs\systems\PhysicsSystem.cpp,748,1431634309,4808270,2,
Physics::Step,C:\Users\╨┐╨║\Documents\GitHub\myengine\engine\src\ecs\systems\PhysicsSystem.cpp,748,1448707001,5405593,2,
Physics::Step,C:\Users\╨┐╨║\Documents\GitHub\myengine\engine\src\ecs\systems\PhysicsSystem.cpp,748,1466547114,6316562,2,
Physics::Step,C:\Users\╨┐╨║\Documents\GitHub\myengine\engine\src\ecs\systems\PhysicsSystem.cpp,748,1485137267,5651935,2,
Physics::Step,C:\Users\╨┐╨║\Documents\GitHub\myengine\engine\src\ecs\systems\PhysicsSystem.cpp,748,1502779955,7841068,2,
Physics::Step,C:\Users\╨┐╨║\Documents\GitHub\myengine\engine\src\ecs\systems\PhysicsSystem.cpp,748,1522930465,8662528,2,
Physics::Step,C:\Users\╨┐╨║\Documents\GitHub\myengine\engine\src\ecs\systems\PhysicsSystem.cpp,748,1543903926,6839254,2,
Physics::Step,C:\Users\╨┐╨║\Documents\GitHub\myengine\engine\src\ecs\systems\PhysicsSystem.cpp,748,1563540669,8884845,2,
Physics::Step,C:\Users\╨┐╨║\Documents\GitHub\myengine\engine\src\ecs\systems\PhysicsSystem.cpp,748,1572425664,5913428,2,
Physics::Step,C:\Users\╨┐╨║\Documents\GitHub\myengine\engine\src\ecs\systems\PhysicsSystem.cpp,748,1592007872,5981314,2,
Physics::Step,C:\Users\╨┐╨║\Documents\GitHub\myengine\engine\src\ecs\systems\PhysicsSystem.cpp,748,1611227493,6134069,2,
Physics::Step,C:\Users\╨┐╨║\Documents\GitHub\myengine\engine\src\ecs\systems\PhysicsSystem.cpp,748,1617361582,4596811,2,
Physics::Step,C:\Users\╨┐╨║\Documents\GitHub\myengine\engine\src\ecs\systems\PhysicsSystem.cpp,748,1634899087,7194058,2,
Physics::Step,C:\Users\╨┐╨║\Documents\GitHub\myengine\engine\src\ecs\systems\PhysicsSystem.cpp,748,1655270762,6645030,2,
Physics::Step,C:\Users\╨┐╨║\Documents\GitHub\myengine\engine\src\ecs\systems\PhysicsSystem.cpp,748,1674462573,5904380,2,
Physics::Step,C:\Users\╨┐╨║\Documents\GitHub\myengine\engine\src\ecs\systems\PhysicsSystem.cpp,748,1693076294,5802321,2,
Physics::Step,C:\Users\╨┐╨║\Documents\GitHub\myengine\engine\src\ecs\systems\PhysicsSystem.cpp,748,1711828465,6918000,2,
Physics::Step,C:\Users\╨┐╨║\Documents\GitHub\myengine\engine\src\ecs\systems\PhysicsSystem.cpp,748,1718746605,6264656,2,
Physics::Step,C:\Users\╨┐╨║\Documents\GitHub\myengine\engine\src\ecs\systems\PhysicsSystem.cpp,748,1737896460,9304510,2,
Physics::Step,C:\Users\╨┐╨║\Documents\GitHub\myengine\engine\src\ecs\systems\PhysicsSystem.cpp,748,1760283722,8491129,2,
Physics::Step,C:\Users\╨┐╨║\Documents\GitHub\myengine\engine\src\ecs\systems\PhysicsSystem.cpp,748,1782320703,8070531,2,
Physics::Step,C:\Users\╨┐╨║\Documents\GitHub\myengine\engine\src\ecs\systems\PhysicsSystem.cpp,748,1790391314,7726600,2,
Physics::Step,C:\Users\╨┐╨║\Documents\GitHub\myengine\engine\src\ecs\systems\PhysicsSystem.cpp,748,1810665156,7606762,2,
Physics::Step,C:\Users\╨┐╨║\Documents\GitHub\myengine\engine\src\ecs\systems\PhysicsSystem.cpp,748,1818271938,6938128,2,
Physics::Step,C:\Users\╨┐╨║\Documents\GitHub\myengine\engine\src\ecs\systems\PhysicsSystem.cpp,748,1837922326,7262828,2,
Physics::Step,C:\Users\╨┐╨║\Documents\GitHub\myengine\engine\src\ecs\systems\PhysicsSystem.cpp,748,1857289368,7293094,2,
Physics::Step,C:\Users\╨┐╨║\Documents\GitHub\myengine\engine\src\ecs\systems\PhysicsSystem.cpp,748,1876722183,7680943,2,
Physics::Step,C:\Users\╨┐╨║\Documents\GitHub\myengine\engine\src\ecs\systems\PhysicsSystem.cpp,748,1897899127,7615635,2,
Physics::Step,C:\Users\╨┐╨║\Documents\GitHub\myengine\engine\src\ecs\systems\PhysicsSystem.cpp,748,1905514812,6323949,2,
Physics::Step,C:\Users\╨┐╨║\Documents\GitHub\myengine\engine\src\ecs\systems\PhysicsSystem.cpp,748,1924076995,7356065,2,
Physics::Step,C:\Users\╨┐╨║\Documents\GitHub\myengine\engine\src\ecs\systems\PhysicsSystem.cpp,748,1943713900,7466909,2,
Physics::Step,C:\Users\╨┐╨║\Documents\GitHub\myengine\engine\src\ecs\systems\PhysicsSystem.cpp,748,1963158047,6931721,2,
Physics::Step,C:\Users\╨┐╨║\Documents\GitHub\myengine\engine\src\ecs\systems\PhysicsSystem.cpp,748,1970089788,6380557,2,
Physics::Step,C:\Users\╨┐╨║\Documents\GitHub\myengine\engine\src\ecs\systems\PhysicsSystem.cpp,748,1988619187,8097742,2,
Physics::Step,C:\Users\╨┐╨║\Documents\GitHub\myengine\engine\src\ecs\systems\PhysicsSystem.cpp,748,2009728871,6812029,2,
Physics::Step,C:\Users\╨┐╨║\Documents\GitHub\myengine\engine\src\ecs\systems\PhysicsSystem.cpp,748,2028871399,6863297,2,
Physics::Step,C:\Users\╨┐╨║\Documents\GitHub\myengine\engine\src\ecs\systems\PhysicsSystem.cpp,748,2035734796,6570889,2,
Physics::Step,C:\Users\╨┐╨║\Documents\GitHub\myengine\engine\src\ecs\systems\PhysicsSystem.cpp,748,2054568509,7001010,2,
Physics::Step,C:\Users\╨┐╨║\Documents\GitHub\myengine\engine\src\ecs\systems\PhysicsSystem.cpp,748,2073848053,7510334,2,
Physics::Step,C:\Users\╨┐╨║\Documents\GitHub\myengine\engine\src\ecs\systems\PhysicsSystem.cpp,748,2093744693,7254561,2,
Physics::Step,C:\Users\╨┐╨║\Documents\GitHub\myengine\engine\src\ecs\systems\PhysicsSystem.cpp,748,2113162310,6757444,2,
Physics::Step,C:\Users\╨┐╨║\Documents\GitHub\myengine\engine\src\ecs\systems\PhysicsSystem.cpp,748,2119919875,6068382,2,
Physics::Step,C:\Users\╨┐╨║\Documents\GitHub\myengine\engine\src\ecs\systems\PhysicsSystem.cpp,748,2138172051,7414868,2,
Physics::Step,C:\Users\╨┐╨║\Documents\GitHub\myengine\engine\src\ecs\systems\PhysicsSystem.cpp,748,2157550128,7243460,2,
Physics::Step,C:\Users\╨┐╨║\Documents\GitHub\myengine\engine\src\ecs\systems\PhysicsSystem.cpp,748,2177285496,6800139,2,
Physics::Step,C:\Users\╨┐╨║\Documents\GitHub\myengine\engine\src\ecs\systems\PhysicsSystem.cpp,748,2184085736,6477461,2,
Physics::Step,C:\Users\╨┐╨║\Documents\GitHub\myengine\engine\src\ecs\systems\PhysicsSystem.cpp,748,2202139145,7152878,2,
Physics::Step,C:\Users\╨┐╨║\Documents\GitHub\myengine\engine\src\ecs\systems\PhysicsSystem.cpp,748,2220634366,6920104,2,
Physics::Step,C:\Users\╨┐╨║\Documents\GitHub\myengine\engine\src\ecs\systems\PhysicsSystem.cpp,748,2238719990,7857555,2,
Physics::Step,C:\Users\╨┐╨║\Documents\GitHub\myengine\engine\src\ecs\systems\PhysicsSystem.cpp,748,2258167674,6922846,2,
Physics::Step,C:\Users\╨┐╨║\Documents\GitHub\myengine\engine\src\ecs\systems\PhysicsSystem.cpp,748,2276813333,6811708,2,
Physics::Step,C:\Users\╨┐╨║\Documents\GitHub\myengine\engine\src\ecs\systems\PhysicsSystem.cpp,748,2294863000,6921557,2,
Physics::Step,C:\Users\╨┐╨║\Documents\GitHub\myengine\engine\src\ecs\systems\PhysicsSystem.cpp,748,2301784677,6234569,2,
Physics::Step,C:\Users\╨┐╨║\Documents\GitHub\myengine\engine\src\ecs\systems\PhysicsSystem.cpp,748,2319645704,7268614,2,
Physics::Step,C:\Users\╨┐╨║\Documents\GitHub\myengine\engine\src\ecs\systems\PhysicsSystem.cpp,748,2338734025,7670498,2,
Physics::Step,C:\Users\╨┐╨║\Documents\GitHub\myengine\engine\src\ecs\systems\PhysicsSystem.cpp,748,2357807605,7470969,2,
Physics::Step,C:\Users\╨┐╨║\Documents\GitHub\myengine\engine\src\ecs\systems\PhysicsSystem.cpp,748,2376711205,7513679,2,
Physics::Step,C:\Users\╨┐╨║\Documents\GitHub\myengine\engine\src\ecs\systems\PhysicsSystem.cpp,748,2395775910,6442699,2,
Physics::Step,C:\Users\╨┐╨║\Documents\GitHub\myengine\engine\src\ecs\systems\PhysicsSystem.cpp,748,2402218629,5893069,2,
Physics::Step,C:\Users\╨┐╨║\Documents\GitHub\myengine\engine\src\ecs\systems\PhysicsSystem.cpp,748,2421597437,6791454,2,
Physics::Step,C:\Users\╨┐╨║\Documents\GitHub\myengine\engine\src\ecs\systems\PhysicsSystem.cpp,748,2439621481,7319174,2,
Physics::Step,C:\Users\╨┐╨║\Documents\GitHub\myengine\engine\src\ecs\systems\PhysicsSystem.cpp,748,2458326049,6896771,2,
Physics::Step,C:\Users\╨┐╨║\Documents\GitHub\myengine\engine\src\ecs\systems\PhysicsSystem.cpp,748,2476769442,7136807,2,
Physics::Step,C:\Users\╨┐╨║\Documents\GitHub\myengine\engine\src\ecs\systems\PhysicsSystem.cpp,748,2495489178,7890609,2,
Physics::Step,C:\Users\╨┐╨║\Documents\GitHub\myengine\engine\src\ecs\systems\PhysicsSystem.cpp,748,2503379907,6093370,2,
Physics::Step,C:\Users\╨┐╨║\Documents\GitHub\myengine\engine\src\ecs\systems\PhysicsSystem.cpp,748,2521119072,6546238,2,
Physics::Step,C:\Users\╨┐╨║\Documents\GitHub\myengine\engine\src\ecs\systems\PhysicsSystem.cpp,748,2539944823,7740537,2,
Physics::Step,C:\Users\╨┐╨║\Documents\GitHub\myengine\engine\src\ecs\systems\PhysicsSystem.cpp,748,2558951512,7288696,2,
Physics::Step,C:\Users\╨┐╨║\Documents\GitHub\myengine\engine\src\ecs\systems\PhysicsSystem.cpp,748,2578019687,7476931,2,
Physics::Step,C:\Users\╨┐╨║\Documents\GitHub\myengine\engine\src\ecs\systems\PhysicsSystem.cpp,748,2585496738,5889893,2,
Physics::Step,C:\Users\╨┐╨║\Documents\GitHub\myengine\engine\src\ecs\systems\PhysicsSystem.cpp,748,2603078323,7615083,2,
Physics::Step,C:\Users\╨┐╨║\Documents\GitHub\myengine\engine\src\ecs\systems\PhysicsSystem.cpp,748,2622722202,6734281,2,
Physics::Step,C:\Users\╨┐╨║\Documents\GitHub\myengine\engine\src\ecs\systems\PhysicsSystem.cpp,748,2640571853,7995757,2,
Physics::Step,C:\Users\╨┐╨║\Documents\GitHub\myengine\engine\src\ecs\systems\PhysicsSystem.cpp,748,2659912718,6995779,2,
Physics::Step,C:\Users\╨┐╨║\Documents\GitHub\myengine\engine\src\ecs\systems\PhysicsSystem.cpp,748,2678505929,7298842,2,
Physics::Step,C:\Users\╨┐╨║\Documents\GitHub\myengine\engine\src\ecs\systems\PhysicsSystem.cpp,748,2685804941,6210774,2,
Physics::Step,C:\Users\╨┐╨║\Documents\GitHub\myengine\engine\src\ecs\systems\PhysicsSystem.cpp,748,2703316843,7727779,2,
Physics::Step,C:\Users\╨┐╨║\Documents\GitHub\myengine\engine\src\ecs\systems\PhysicsSystem.cpp,748,2722754690,7297092,2,
Physics::Step,C:\Users\╨┐╨║\Documents\GitHub\myengine\engine\src\ecs\systems\PhysicsSystem.cpp,748,2741403994,7503996,2,
Physics::Step,C:\Users\╨┐╨║\Documents\GitHub\myengine\engine\src\ecs\systems\PhysicsSystem.cpp,748,2760130355,7100051,2,
Physics::Step,C:\Users\╨┐╨║\Documents\GitHub\myengine\engine\src\ecs\systems\PhysicsSystem.cpp,748,2778768977,7099211,2,
Physics::Step,C:\Users\╨┐╨║\Documents\GitHub\myengine\engine\src\ecs\systems\PhysicsSystem.cpp,748,2785868288,6042774,2,
Physics::Step,C:\Users\╨┐╨║\Documents\GitHub\myengine\engine\src\ecs\systems\PhysicsSystem.cpp,748,2803322130,8310253,2,
Physics::Step,C:\Users\╨┐╨║\Documents\GitHub\myengine\engine\src\ecs\systems\PhysicsSystem.cpp,748,2823278038,7311018,2,
Physics::Step,C:\Users\╨┐╨║\Documents\GitHub\myengine\engine\src\ecs\systems\PhysicsSystem.cpp,748,2842073433,7820661,2,
Physics::Step,C:\Users\╨┐╨║\Documents\GitHub\myengine\engine\src\ecs\systems\PhysicsSystem.cpp,748,2860979077,7032118,2,
Physics::Step,C:\Users\╨┐╨║\Documents\GitHub\myengine\engine\src\ecs\systems\PhysicsSystem.cpp,748,2868011215,5987739,2,
Physics::Step,C:\Users\╨┐╨║\Documents\GitHub\myengine\engine\src\ecs\systems\PhysicsSystem.cpp,748,2885556888,6744880,2,
Physics::Step,C:\Users\╨┐╨║\Documents\GitHub\myengine\engine\src\ecs\systems\PhysicsSystem.cpp,748,2903607730,6727720,2,
Physics::Step,C:\Users\╨┐╨║\Documents\GitHub\myengine\engine\src\ecs\systems\PhysicsSystem.cpp,748,2923365226,8190136,2,
Physics::Step,C:\Users\╨┐╨║\Documents\GitHub\myengine\engine\src\ecs\systems\PhysicsSystem.cpp,748,2942986620,7791413,2,
Physics::Step,C:\Users\╨┐╨║\Documents\GitHub\myengine\engine\src\ecs\systems\PhysicsSystem.cpp,748,2962107250,6790123,2,
Physics::Step,C:\Users\╨┐╨║\Documents\GitHub\myengine\engine\src\ecs\systems\PhysicsSystem.cpp,748,2968897473,6166970,2,
Physics::Step,C:\Users\╨┐╨║\Documents\GitHub\myengine\engine\src\ecs\systems\PhysicsSystem.cpp,748,2986459350,7368871,2,
Physics::Step,C:\Users\╨┐╨║\Documents\GitHub\myengine\engine\src\ecs\systems\PhysicsSystem.cpp,748,3006085190,8167929,2,
Physics::Step,C:\Users\╨┐╨║\Documents\GitHub\myengine\engine\src\ecs\systems\PhysicsSystem.cpp,748,3025804544,7433137,2,
Physics::Step,C:\Users\╨┐╨║\Documents\GitHub\myengine\engine\src\ecs\systems\PhysicsSystem.cpp,748,3044792974,8647719,2,
Physics::Step,C:\Users\╨┐╨║\Documents\GitHub\myengine\engine\src\ecs\systems\PhysicsSystem.cpp,748,3053440834,6503200,2,
Physics::Step,C:\Users\╨┐╨║\Documents\GitHub\myengine\engine\src\ecs\systems\PhysicsSystem.cpp,748,3072549828,7325200,2,
Physics::Step,C:\Users\╨┐╨║\Documents\GitHub\myengine\engine\src\ecs\systems\PhysicsSystem.cpp,748,3092489409,8180894,2,
Physics::Step,C:\Users\╨┐╨║\Documents\GitHub\myengine\engine\src\ecs\systems\PhysicsSystem.cpp,748,3112973355,9027952,2,
Physics::Step,C:\Users\╨┐╨║\Documents\GitHub\myengine\engine\src\ecs\systems\PhysicsSystem.cpp,748,3122001467,6674006,2,
Physics::Step,C:\Users\╨┐╨║\Documents\GitHub\myengine\engine\src\ecs\systems\PhysicsSystem.cpp,748,3140686464,8415311,2,
Physics::Step,C:\Users\╨┐╨║\Documents\GitHub\myengine\engine\src\ecs\systems\PhysicsSystem.cpp,748,3162404992,7455116,2,
Physics::Step,C:\Users\╨┐╨║\Documents\GitHub\myengine\engine\src\ecs\systems\PhysicsSystem.cpp,748,3169860199,6491197,2,
Physics::Step,C:\Users\╨┐╨║\Documents\GitHub\myengine\engine\src\ecs\systems\PhysicsSystem.cpp,748,3189930233,8137552,2,
Physics::Step,C:\Users\╨┐╨║\Documents\GitHub\myengine\engine\src\ecs\systems\PhysicsSystem.cpp,748,3212641299,8049169,2,
Physics::Step,C:\Users\╨┐╨║\Documents\GitHub\myengine\engine\src\ecs\systems\PhysicsSystem.cpp,748,3220690488,7703896,2,
Physics::Step,C:\Users\╨┐╨║\Documents\GitHub\myengine\engine\src\ecs\systems\PhysicsSystem.cpp,748,3241383462,7653571,2,
Physics::Step,C:\Users\╨┐╨║\Documents\GitHub\myengine\engine\src\ecs\systems\PhysicsSystem.cpp,748,3264080562,8814711,2,
Physics::Step,C:\Users\╨┐╨║\Documents\GitHub\myengine\engine\src\ecs\systems\PhysicsSystem.cpp,748,3272895373,7745296,2,
Physics::Step,C:\Users\╨┐╨║\Documents\GitHub\myengine\engine\src\ecs\systems\PhysicsSystem.cpp,748,3296228725,8049765,2,
Physics::Step,C:\Users\╨┐╨║\Documents\GitHub\myengine\engine\src\ecs\systems\PhysicsSystem.cpp,748,3304278620,8141489,2,
Physics::Step,C:\Users\╨┐╨║\Documents\GitHub\myengine\engine\src\ecs\systems\PhysicsSystem.cpp,748,3326441949,10159682,2,
Physics::Step,C:\Users\╨┐╨║\Documents\GitHub\myengine\engine\src\ecs\systems\PhysicsSystem.cpp,748,3357450821,10641906,2,
Physics::Step,C:\Users\╨┐╨║\Documents\GitHub\myengine\engine\src\ecs\systems\PhysicsSystem.cpp,748,3368092747,9006386,2,
Physics::Step,C:\Users\╨┐╨║\Documents\GitHub\myengine\engine\src\ecs\systems\PhysicsSystem.cpp,748,3392930517,8295728,2,
Physics::Step,C:\Users\╨┐╨║\Documents\GitHub\myengine\engine\src\ecs\systems\PhysicsSystem.cpp,748,3401226265,7470092,2,
Physics::Step,C:\Users\╨┐╨║\Documents\GitHub\myengine\engine\src\ecs\systems\PhysicsSystem.cpp,748,3423432567,8526022,2,
Physics::Step,C:\Users\╨┐╨║\Documents\GitHub\myengine\engine\src\ecs\systems\PhysicsSystem.cpp,748,3431958609,7375471,2,
Physics::Step,C:\Users\╨┐╨║\Documents\GitHub\myengine\engine\src\ecs\systems\PhysicsSystem.cpp,748,3457125690,8784644,2,
Physics::Step,C:\Users\╨┐╨║\Documents\GitHub\myengine\engine\src\ecs\systems\PhysicsSystem.cpp,748,3465910565,8568913,2,
Physics::Step,C:\Users\╨┐╨║\Documents\GitHub\myengine\engine\src\ecs\systems\PhysicsSystem.cpp,748,3489443554,8547464,2,
Physics::Step,C:\Users\╨┐╨║\Documents\GitHub\myengine\engine\src\ecs\systems\PhysicsSystem.cpp,748,3497991129,7448389,2,
Physics::Step,C:\Users\╨┐╨║\Documents\GitHub\myengine\engine\src\ecs\systems\PhysicsSystem.cpp,748,3520631520,8403649,2,
Physics::Step,C:\Users\╨┐╨║\Documents\GitHub\myengine\engine\src\ecs\systems\PhysicsSystem.cpp,748,3529035199,7427220,2,
Physics::Step,C:\Users\╨┐╨║\Documents\GitHub\myengine\engine\src\ecs\systems\PhysicsSystem.cpp,748,3550039386,8863654,2,
Physics::Step,C:\Users\╨┐╨║\Documents\GitHub\myengine\engine\src\ecs\systems\PhysicsSystem.cpp,748,3558903241,7606020,2,
Physics::Step,C:\Users\╨┐╨║\Documents\GitHub\myengine\engine\src\ecs\systems\PhysicsSystem.cpp,748,3579983731,8767083,2,
Physics::Step,C:\Users\╨┐╨║\Documents\GitHub\myengine\engine\src\ecs\systems\PhysicsSystem.cpp,748,3588751244,8516103,2,
Physics::Step,C:\Users\╨┐╨║\Documents\GitHub\myengine\engine\src\ecs\systems\PhysicsSystem.cpp,748,3611598130,7267976,2,
Physics::Step,C:\Users\╨┐╨║\Documents\GitHub\myengine\engine\src\ecs\systems\PhysicsSystem.cpp,748,3618866236,6737487,2,
Physics::Step,C:\Users\╨┐╨║\Documents\GitHub\myengine\engine\src\ecs\systems\PhysicsSystem.cpp,748,3639550542,8787716,2,
Physics::Step,C:\Users\╨┐╨║\Documents\GitHub\myengine\engine\src\ecs\systems\PhysicsSystem.cpp,748,3661629496,7797821,2,
Physics::Step,C:\Users\╨┐╨║\Documents\GitHub\myengine\engine\src\ecs\systems\PhysicsSystem.cpp,748,3669427337,7252116,2,
Physics::Step,C:\Users\╨┐╨║\Documents\GitHub\myengine\engine\src\ecs\systems\PhysicsSystem.cpp,748,3689702252,7286355,2,
Physics::Step,C:\Users\╨┐╨║\Documents\GitHub\myengine\engine\src\ecs\systems\PhysicsSystem.cpp,748,3709980436,7089687,2,
Physics::Step,C:\Users\╨┐╨║\Documents\GitHub\myengine\engine\src\ecs\systems\PhysicsSystem.cpp,748,3730339895,7485141,2,
Physics::Step,C:\Users\╨┐╨║\Documents\GitHub\myengine\engine\src\ecs\systems\PhysicsSystem.cpp,748,3737825056,6675128,2,
Physics::Step,C:\Users\╨┐╨║\Documents\GitHub\myengine\engine\src\ecs\systems\PhysicsSystem.cpp,748,3757679606,7835315,2,
Physics::Step,C:\Users\╨┐╨║\Documents\GitHub\myengine\engine\src\ecs\systems\PhysicsSystem.cpp,748,3778016491,7149305,2,
Physics::Step,C:\Users\╨┐╨║\Documents\GitHub\myengine\engine\src\ecs\systems\PhysicsSystem.cpp,748,3785165816,6898894,2,
Physics::Step,C:\Users\╨┐╨║\Documents\GitHub\myengine\engine\src\ecs\systems\PhysicsSystem.cpp,748,3804032880,6977558,2,
Physics::Step,C:\Users\╨┐╨║\Documents\GitHub\myengine\engine\src\ecs\systems\PhysicsSystem.cpp,748,3822853528,6608738,2,
Physics::Step,C:\Users\╨┐╨║\Documents\GitHub\myengine\engine\src\ecs\systems\PhysicsSystem.cpp,748,3841700839,6779493,2,
Physics::Step,C:\Users\╨┐╨║\Documents\GitHub\myengine\engine\src\ecs\systems\PhysicsSystem.cpp,748,3869096325,9039519,2,
Physics::Step,C:\Users\╨┐╨║\Documents\GitHub\myengine\engine\src\ecs\systems\PhysicsSystem.cpp,748,3878135995,8887941,2,
Physics::Step,C:\Users\╨┐╨║\Documents\GitHub\myengine\engine\src\ecs\systems\PhysicsSystem.cpp,748,3904988456,10010858,2,
Physics::Step,C:\Users\╨┐╨║\Documents\GitHub\myengine\engine\src\ecs\systems\PhysicsSystem.cpp,748,3914999444,9343949,2,
Physics::Step,C:\Users\╨┐╨║\Documents\GitHub\myengine\engine\src\ecs\systems\PhysicsSystem.cpp,748,3942881376,10530326,2,
Physics::Step,C:\Users\╨┐╨║\Documents\GitHub\myengine\engine\src\ecs\systems\PhysicsSystem.cpp,748,3953411742,9700037,2,
Physics::Step,C:\Users\╨┐╨║\Documents\GitHub\myengine\engine\src\ecs\systems\PhysicsSystem.cpp,748,3984371492,9552366,2,
Physics::Step,C:\Users\╨┐╨║\Documents\GitHub\myengine\engine\src\ecs\systems\PhysicsSystem.cpp,748,3993924008,9418771,2,
Physics::Step,C:\Users\╨┐╨║\Documents\GitHub\myengine\engine\src\ecs\systems\PhysicsSystem.cpp,748,4003343000,10012010,2,
Physics::Step,C:\Users\╨┐╨║\Documents\GitHub\myengine\engine\src\ecs\systems\PhysicsSystem.cpp,748,4030930330,10546648,2,
Physics::Step,C:\Users\╨┐╨║\Documents\GitHub\myengine\engine\src\ecs\systems\PhysicsSystem.cpp,748,4041477138,11471499,2,
Physics::Step,C:\Users\╨┐╨║\Documents\GitHub\myengine\engine\src\ecs\systems\PhysicsSystem.cpp,748,4052948757,10248662,2,
Physics::Step,C:\Users\╨┐╨║\Documents\GitHub\myengine\engine\src\ecs\systems\PhysicsSystem.cpp,748,4081094130,8126966,2,
Physics::Step,C:\Users\╨┐╨║\Documents\GitHub\myengine\engine\src\ecs\systems\PhysicsSystem.cpp,748,4089221106,8481136,2,
Physics::Step,C:\Users\╨┐╨║\Documents\GitHub\myengine\engine\src\ecs\systems\PhysicsSystem.cpp,748,4097702402,8371087,2,
Physics::Step,C:\Users\╨┐╨║\Documents\GitHub\myengine\engine\src\ecs\systems\PhysicsSystem.cpp,748,4119868070,8687079,2,
Physics::Step,C:\Users\╨┐╨║\Documents\GitHub\myengine\engine\src\ecs\systems\PhysicsSystem.cpp,748,4128555339,8316212,2,
Physics::Step,C:\Users\╨┐╨║\Documents\GitHub\myengine\engine\src\ecs\systems\PhysicsSystem.cpp,748,4150698003,7800140,2,
Physics::Step,C:\Users\╨┐╨║\Documents\GitHub\myengine\engine\src\ecs\systems\PhysicsSystem.cpp,748,4158498223,9220835,2,
Physics::Step,C:\Users\╨┐╨║\Documents\GitHub\myengine\engine\src\ecs\systems\PhysicsSystem.cpp,748,4181542651,10492916,2,
Physics::Step,C:\Users\╨┐╨║\Documents\GitHub\myengine\engine\src\ecs\systems\PhysicsSystem.cpp,748,4192035898,8766659,2,
Physics::Step,C:\Users\╨┐╨║\Documents\GitHub\myengine\engine\src\ecs\systems\PhysicsSystem.cpp,748,4218735274,9574305,2,
Physics::Step,C:\Users\╨┐╨║\Documents\GitHub\myengine\engine\src\ecs\systems\PhysicsSystem.cpp,748,4228309960,9103901,2,
Physics::Step,C:\Users\╨┐╨║\Documents\GitHub\myengine\engine\src\ecs\systems\PhysicsSystem.cpp,748,4255947255,10473679,2,
Physics::Step,C:\Users\╨┐╨║\Documents\GitHub\myengine\engine\src\ecs\systems\PhysicsSystem.cpp,748,4266421044,9482994,2,
Physics::Step,C:\Users\╨┐╨║\Documents\GitHub\myengine\engine\src\ecs\systems\PhysicsSystem.cpp,748,4294308010,9177221,2,
Physics::Step,C:\Users\╨┐╨║\Documents\GitHub\myengine\engine\src\ecs\systems\PhysicsSystem.cpp,748,4303485251,8014828,2,
Physics::Step,C:\Users\╨┐╨║\Documents\GitHub\myengine\engine\src\ecs\systems\PhysicsSystem.cpp,748,4311500200,7649072,2,
Physics::Step,C:\Users\╨┐╨║\Documents\GitHub\myengine\engine\src\ecs\systems\PhysicsSystem.cpp,748,4335347337,9848520,2,
Physics::Step,C:\Users\╨┐╨║\Documents\GitHub\myengine\engine\src\ecs\systems\PhysicsSystem.cpp,748,4345196018,10138761,2,
Physics::Step,C:\Users\╨┐╨║\Documents\GitHub\myengine\engine\src\ecs\systems\PhysicsSystem.cpp,748,4373505322,9823912,2,
Physics::Step,C:\Users\╨┐╨║\Documents\GitHub\myengine\engine\src\ecs\systems\PhysicsSystem.cpp,748,4383329445,10413965,2,
Physics::Step,C:\Users\╨┐╨║\Documents\GitHub\myengine\engine\src\ecs\systems\PhysicsSystem.cpp,748,4410836025,8173000,2,
Physics::Step,C:\Users\╨┐╨║\Documents\GitHub\myengine\engine\src\ecs\systems\PhysicsSystem.cpp,748,4419009455,10360384,2,
Physics::Step,C:\Users\╨┐╨║\Documents\GitHub\myengine\engine\src\ecs\systems\PhysicsSystem.cpp,748,4429369889,9292551,2,
Physics::Step,C:\Users\╨┐╨║\Documents\GitHub\myengine\engine\src\ecs\systems\PhysicsSystem.cpp,748,4453455683,8776649,2,
Physics::Step,C:\Users\╨┐╨║\Documents\GitHub\myengine\engine\src\ecs\systems\PhysicsSystem.cpp,748,4462232352,7522110,2,
Physics::Step,C:\Users\╨┐╨║\Documents\GitHub\myengine\engine\src\ecs\systems\PhysicsSystem.cpp,748,4486532303,7854082,2,
Physics::Step,C:\Users\╨┐╨║\Documents\GitHub\myengine\engine\src\ecs\systems\PhysicsSystem.cpp,748,4494386526,9229030,2,
Physics::Step,C:\Users\╨┐╨║\Documents\GitHub\myengine\engine\src\ecs\systems\PhysicsSystem.cpp,748,4517121167,7977628,2,
Physics::Step,C:\Users\╨┐╨║\Documents\GitHub\myengine\engine\src\ecs\systems\PhysicsSystem.cpp,748,4525098915,6989125,2,
Physics::Step,C:\Users\╨┐╨║\Documents\GitHub\myengine\engine\src\ecs\systems\PhysicsSystem.cpp,748,4545810946,7203814,2,
Physics::Step,C:\Users\╨┐╨║\Documents\GitHub\myengine\engine\src\ecs\systems\PhysicsSystem.cpp,748,4553015041,7113292,2,
Physics::Step,C:\Users\╨┐╨║\Documents\GitHub\myengine\engine\src\ecs\systems\PhysicsSystem.cpp,748,4573851629,7636938,2,
Physics::Step,C:\Users\╨┐╨║\Documents\GitHub\myengine\engine\src\ecs\systems\PhysicsSystem.cpp,748,4593946876,8084501,2,
Physics::Step,C:\Users\╨┐╨║\Documents\GitHub\myengine\engine\src\ecs\systems\PhysicsSystem.cpp,748,4602031478,9824042,2,
Physics::Step,C:\Users\╨┐╨║\Documents\GitHub\myengine\engine\src\ecs\systems\PhysicsSystem.cpp,748,4631450775,10422272,2,
Physics::Step,C:\Users\╨┐╨║\Documents\GitHub\myengine\engine\src\ecs\systems\PhysicsSystem.cpp,748,4641873137,9315144,2,
Physics::Step,C:\Users\╨┐╨║\Documents\GitHub\myengine\engine\src\ecs\systems\PhysicsSystem.cpp,748,4666868939,7823073,2,
Physics::Step,C:\Users\╨┐╨║\Documents\GitHub\myengine\engine\src\ecs\systems\PhysicsSystem.cpp,748,4674692042,10234783,2,
Physics::Step,C:\Users\╨┐╨║\Documents\GitHub\myengine\engine\src\ecs\systems\PhysicsSystem.cpp,748,4700771671,6862465,2,
Physics::Step,C:\Users\╨┐╨║\Documents\GitHub\myengine\engine\src\ecs\systems\PhysicsSystem.cpp,748,4707634166,7086150,2,
Physics::Step,C:\Users\╨┐╨║\Documents\GitHub\myengine\engine\src\ecs\systems\PhysicsSystem.cpp,748,4730400227,6641554,2,
Physics::Step,C:\Users\╨┐╨║\Documents\GitHub\myengine\engine\src\ecs\systems\PhysicsSystem.cpp,748,4737041861,7291261,2,
Physics::Step,C:\Users\╨┐╨║\Documents\GitHub\myengine\engine\src\ecs\systems\PhysicsSystem.cpp,748,4755935951,6558275,2,
Physics::Step,C:\Users\╨┐╨║\Documents\GitHub\myengine\engine\src\ecs\systems\PhysicsSystem.cpp,748,4774506625,6494634,2,
Physics::Step,C:\Users\╨┐╨║\Documents\GitHub\myengine\engine\src\ecs\systems\PhysicsSystem.cpp,748,4794150141,7184377,2,
Physics::Step,C:\Users\╨┐╨║\Documents\GitHub\myengine\engine\src\ecs\systems\PhysicsSystem.cpp,748,4801334648,7692505,2,
Physics::Step,C:\Users\╨┐╨║\Documents\GitHub\myengine\engine\src\ecs\systems\PhysicsSystem.cpp,748,4820870089,7423303,2,
Physics::Step,C:\Users\╨┐╨║\Documents\GitHub\myengine\engine\src\ecs\systems\PhysicsSystem.cpp,748,4840006681,6986090,2,
Physics::Step,C:\Users\╨┐╨║\Documents\GitHub\myengine\engine\src\ecs\systems\PhysicsSystem.cpp,748,4858743281,7476063,2,
Physics::Step,C:\Users\╨┐╨║\Documents\GitHub\myengine\engine\src\ecs\systems\PhysicsSystem.cpp,748,4877959214,7786694,2,
Physics::Step,C:\Users\╨┐╨║\Documents\GitHub\myengine\engine\src\ecs\systems\PhysicsSystem.cpp,748,4885745928,6273353,2,
Physics::Step,C:\Users\╨┐╨║\Documents\GitHub\myengine\engine\src\ecs\systems\PhysicsSystem.cpp,748,4904286905,6849851,2,
Physics::Step,C:\Users\╨┐╨║\Documents\GitHub\myengine\engine\src\ecs\systems\PhysicsSystem.cpp,748,4923492149,7181972,2,
Physics::Step,C:\Users\╨┐╨║\Documents\GitHub\myengine\engine\src\ecs\systems\PhysicsSystem.cpp,748,4942613401,7123191,2,
Physics::Step,C:\Users\╨┐╨║\Documents\GitHub\myengine\engine\src\ecs\systems\PhysicsSystem.cpp,748,4961324372,7914968,2,
Physics::Step,C:\Users\╨┐╨║\Documents\GitHub\myengine\engine\src\ecs\systems\PhysicsSystem.cpp,748,4969239451,5905933,2,
Physics::Step,C:\Users\╨┐╨║\Documents\GitHub\myengine\engine\src\ecs\systems\PhysicsSystem.cpp,748,4989233224,6631565,2,
Physics::Step,C:\Users\╨┐╨║\Documents\GitHub\myengine\engine\src\ecs\systems\PhysicsSystem.cpp,748,5007984091,8219739,2,
Physics::Step,C:\Users\╨┐╨║\Documents\GitHub\myengine\engine\src\ecs\systems\PhysicsSystem.cpp,748,5029104539,6948278,2,
Physics::Step,C:\Users\╨┐╨║\Documents\GitHub\myengine\engine\src\ecs\systems\PhysicsSystem.cpp,748,5036052937,6620935,2,
Physics::Step,C:\Users\╨┐╨║\Documents\GitHub\myengine\engine\src\ecs\systems\PhysicsSystem.cpp,748,5054172703,6667363,2,
Physics::Step,C:\Users\╨┐╨║\Documents\GitHub\myengine\engine\src\ecs\systems\PhysicsSystem.cpp,748,5072809162,7146265,2,
Physics::Step,C:\Users\╨┐╨║\Documents\GitHub\myengine\engine\src\ecs\systems\PhysicsSystem.cpp,748,5091742978,6668685,2,
Physics::Step,C:\Users\╨┐╨║\Documents\GitHub\myengine\engine\src\ecs\systems\PhysicsSystem.cpp,748,5110024391,6237846,2,
Physics::Step,C:\Users\╨┐╨║\Documents\GitHub\myengine\engine\src\ecs\systems\PhysicsSystem.cpp,748,5132451678,8767261,2,
Physics::Step,C:\Users\╨┐╨║\Documents\GitHub\myengine\engine\src\ecs\systems\PhysicsSystem.cpp,748,5141219250,6931345,2,
Physics::Step,C:\Users\╨┐╨║\Documents\GitHub\myengine\engine\src\ecs\systems\PhysicsSystem.cpp,748,5163754682,9188062,2,
Physics::Step,C:\Users\╨┐╨║\Documents\GitHub\myengine\engine\src\ecs\systems\PhysicsSystem.cpp,748,5172942914,9157764,2,
Physics::Step,C:\Users\╨┐╨║\Documents\GitHub\myengine\engine\src\ecs\systems\PhysicsSystem.cpp,748,5198991104,11217545,2,
Physics::Step,C:\Users\╨┐╨║\Documents\GitHub\myengine\engine\src\ecs\systems\PhysicsSystem.cpp,748,5210208770,6533682,2,
Physics::Step,C:\Users\╨┐╨║\Documents\GitHub\myengine\engine\src\ecs\systems\PhysicsSystem.cpp,748,5228265429,7100127,2,
Physics::Step,C:\Users\╨┐╨║\Documents\GitHub\myengine\engine\src\ecs\systems\PhysicsSystem.cpp,748,5235365576,6625824,2,
Physics::Step,C:\Users\╨┐╨║\Documents\GitHub\myengine\engine\src\ecs\systems\PhysicsSystem.cpp,748,5254031271,7807704,2,
Physics::Step,C:\Users\╨┐╨║\Documents\GitHub\myengine\engine\src\ecs\systems\PhysicsSystem.cpp,748,5273981000,6993284,2,
Physics::Step,C:\Users\╨┐╨║\Documents\GitHub\myengine\engine\src\ecs\systems\PhysicsSystem.cpp,748,5293003164,6318309,2,
Physics::Step,C:\Users\╨┐╨║\Documents\GitHub\myengine\engine\src\ecs\systems\PhysicsSystem.cpp,748,5311481494,6290165,2,
Physics::Step,C:\Users\╨┐╨║\Documents\GitHub\myengine\engine\src\ecs\systems\PhysicsSystem.cpp,748,5317771679,6580247,2,
Physics::Step,C:\Users\╨┐╨║\Documents\GitHub\myengine\engine\src\ecs\systems\PhysicsSystem.cpp,748,5335886706,6578183,2,
Physics::Step,C:\Users\╨┐╨║\Documents\GitHub\myengine\engine\src\ecs\systems\PhysicsSystem.cpp,748,5354547030,6860952,2,
Physics::Step,C:\Users\╨┐╨║\Documents\GitHub\myengine\engine\src\ecs\systems\PhysicsSystem.cpp,748,5374514624,6233126,2,
Physics::Step,C:\Users\╨┐╨║\Documents\GitHub\myengine\engine\src\ecs\systems\PhysicsSystem.cpp,748,5393345308,6525953,2,
Physics::Step,C:\Users\╨┐╨║\Documents\GitHub\myengine\engine\src\ecs\systems\PhysicsSystem.cpp,748,5413793707,6533678,2,
Physics::Step,C:\Users\╨┐╨║\Documents\GitHub\myengine\engine\src\ecs\systems\PhysicsSystem.cpp,748,5420327505,6677302,2,
Physics::Step,C:\Users\╨┐╨║\Documents\GitHub\myengine\engine\src\ecs\systems\PhysicsSystem.cpp,748,5438591857,6270638,2,
Physics::Step,C:\Users\╨┐╨║\Documents\GitHub\myengine\engine\src\ecs\systems\PhysicsSystem.cpp,748,5457519595,6335942,2,
Physics::Step,C:\Users\╨┐╨║\Documents\GitHub\myengine\engine\src\ecs\systems\PhysicsSystem.cpp,748,5476330927,7549012,2,
Physics::Step,C:\Users\╨┐╨║\Documents\GitHub\myengine\engine\src\ecs\systems\PhysicsSystem.cpp,748,5497564628,7059650,2,
Physics::Step,C:\Users\╨┐╨║\Documents\GitHub\myengine\engine\src\ecs\systems\PhysicsSystem.cpp,748,5504624308,6024629,2,
Physics::Step,C:\Users\╨┐╨║\Documents\GitHub\myengine\engine\src\ecs\systems\PhysicsSystem.cpp,748,5521993244,6242985,2,
Physics::Step,C:\Users\╨┐╨║\Documents\GitHub\myengine\engine\src\ecs\systems\PhysicsSystem.cpp,748,5539963906,6317016,2,
Physics::Step,C:\Users\╨┐╨║\Documents\GitHub\myengine\engine\src\ecs\systems\PhysicsSystem.cpp,748,5557877680,6801738,2,
Physics::Step,C:\Users\╨┐╨║\Documents\GitHub\myengine\engine\src\ecs\systems\PhysicsSystem.cpp,748,5577827308,6604734,2,
Physics::Step,C:\Users\╨┐╨║\Documents\GitHub\myengine\engine\src\ecs\systems\PhysicsSystem.cpp,748,5584432062,6820174,2,
Physics::Step,C:\Users\╨┐╨║\Documents\GitHub\myengine\engine\src\ecs\systems\PhysicsSystem.cpp,748,5602934055,6401107,2,
Physics::Step,C:\Users\╨┐╨║\Documents\GitHub\myengine\engine\src\ecs\systems\PhysicsSystem.cpp,748,5621060303,6537967,2,
Physics::Step,C:\Users\╨┐╨║\Documents\GitHub\myengine\engine\src\ecs\systems\PhysicsSystem.cpp,748,5639574480,6335391,2,
Physics::Step,C:\Users\╨┐╨║\Documents\GitHub\myengine\engine\src\ecs\systems\PhysicsSystem.cpp,748,5657904808,6311565,2,
Physics::Step,C:\Users\╨┐╨║\Documents\GitHub\myengine\engine\src\ecs\systems\PhysicsSystem.cpp,748,5677460531,6716627,2,
Physics::Step,C:\Users\╨┐╨║\Documents\GitHub\myengine\engine\src\ecs\systems\PhysicsSystem.cpp,748,5684177248,7427550,2,
Physics::Step,C:\Users\╨┐╨║\Documents\GitHub\myengine\engine\src\ecs\systems\PhysicsSystem.cpp,748,5703162372,6165628,2,
Physics::Step,C:\Users\╨┐╨║\Documents\GitHub\myengine\engine\src\ecs\systems\PhysicsSystem.cpp,748,5721188159,6785929,2,
Physics::Step,C:\Users\╨┐╨║\Documents\GitHub\myengine\engine\src\ecs\systems\PhysicsSystem.cpp,748,5740631794,6329570,2,
Physics::Step,C:\Users\╨┐╨║\Documents\GitHub\myengine\engine\src\ecs\systems\PhysicsSystem.cpp,748,5759180837,6457884,2,
Physics::Step,C:\Users\╨┐╨║\Documents\GitHub\myengine\engine\src\ecs\systems\PhysicsSystem.cpp,748,5778484066,6495806,2,
Physics::Step,C:\Users\╨┐╨║\Documents\GitHub\myengine\engine\src\ecs\systems\PhysicsSystem.cpp,748,5784979892,6111405,2,
Physics::Step,C:\Users\╨┐╨║\Documents\GitHub\myengine\engine\src\ecs\systems\PhysicsSystem.cpp,748,5803675945,6337004,2,
Physics::Step,C:\Users\╨┐╨║\Documents\GitHub\myengine\engine\src\ecs\systems\PhysicsSystem.cpp,748,5827853059,7680181,2,
Physics::Step,C:\Users\╨┐╨║\Documents\GitHub\myengine\engine\src\ecs\systems\PhysicsSystem.cpp,748,5835533381,7088174,2,
Physics::Step,C:\Users\╨┐╨║\Documents\GitHub\myengine\engine\src\ecs\systems\PhysicsSystem.cpp,748,5854674841,7046234,2,
Physics::Step,C:\Users\╨┐╨║\Documents\GitHub\myengine\engine\src\ecs\systems\PhysicsSystem.cpp,748,5874536894,10108324,2,
Physics::Step,C:\Users\╨┐╨║\Documents\GitHub\myengine\engine\src\ecs\systems\PhysicsSystem.cpp,748,5897316241,6793764,2,
Physics::Step,C:\Users\╨┐╨║\Documents\GitHub\myengine\engine\src\ecs\systems\PhysicsSystem.cpp,748,5904110045,6749750,2,
Physics::Step,C:\Users\╨┐╨║\Documents\GitHub\myengine\engine\src\ecs\systems\PhysicsSystem.cpp,748,5922939361,6343867,2,
Physics::Step,C:\Users\╨┐╨║\Documents\GitHub\myengine\engine\src\ecs\systems\PhysicsSystem.cpp,748,5941541809,6395306,2,
Physics::Step,C:\Users\╨┐╨║\Documents\GitHub\myengine\engine\src\ecs\systems\PhysicsSystem.cpp,748,5959930649,6557363,2,
Physics::Step,C:\Users\╨┐╨║\Documents\GitHub\myengine\engine\src\ecs\systems\PhysicsSystem.cpp,748,5978891997,7259119,2,
Physics::Step,C:\Users\╨┐╨║\Documents\GitHub\myengine\engine\src\ecs\systems\PhysicsSystem.cpp,748,5986151146,6106806,2,
Physics::Step,C:\Users\╨┐╨║\Documents\GitHub\myengine\engine\src\ecs\systems\PhysicsSystem.cpp,748,6007117846,6632978,2,
Physics::Step,C:\Users\╨┐╨║\Documents\GitHub\myengine\engine\src\ecs\systems\PhysicsSystem.cpp,748,6026028459,6456010,2,
Physics::Step,C:\Users\╨┐╨║\Documents\GitHub\myengine\engine\src\ecs\systems\PhysicsSystem.cpp,748,6044613570,6876306,2,
Physics::Step,C:\Users\╨┐╨║\Documents\GitHub\myengine\engine\src\ecs\systems\PhysicsSystem.cpp,748,6051490267,6387981,2,
Physics::Step,C:\Users\╨┐╨║\Documents\GitHub\myengine\engine\src\ecs\systems\PhysicsSystem.cpp,748,6069653474,6664558,2,
Physics::Step,C:\Users\╨┐╨║\Documents\GitHub\myengine\engine\src\ecs\systems\PhysicsSystem.cpp,748,6088556190,6447986,2,
Physics::Step,C:\Users\╨┐╨║\Documents\GitHub\myengine\engine\src\ecs\systems\PhysicsSystem.cpp,748,6106689582,6858647,2,
Physics::Step,C:\Users\╨┐╨║\Documents\GitHub\myengine\engine\src\ecs\systems\PhysicsSystem.cpp,748,6125859723,6752992,2,
Physics::Step,C:\Users\╨┐╨║\Documents\GitHub\myengine\engine\src\ecs\systems\PhysicsSystem.cpp,748,6144809945,6216906,2,
Physics::Step,C:\Users\╨┐╨║\Documents\GitHub\myengine\engine\src\ecs\systems\PhysicsSystem.cpp,748,6151026881,6795697,2,
Physics::Step,C:\Users\╨┐╨║\Documents\GitHub\myengine\engine\src\ecs\systems\PhysicsSystem.cpp,748,6169271414,7700350,2,
Physics::Step,C:\Users\╨┐╨║\Documents\GitHub\myengine\engine\src\ecs\systems\PhysicsSystem.cpp,748,6189460839,6500004,2,
Physics::Step,C:\Users\╨┐╨║\Documents\GitHub\myengine\engine\src\ecs\systems\PhysicsSystem.cpp,748,6208116134,6194453,2,
Physics::Step,C:\Users\╨┐╨║\Documents\GitHub\myengine\engine\src\ecs\systems\PhysicsSystem.cpp,748,6226737144,6528830,2,
Physics::Step,C:\Users\╨┐╨║\Documents\GitHub\myengine\engine\src\ecs\systems\PhysicsSystem.cpp,748,6245967855,6512709,2,
Physics::Step,C:\Users\╨┐╨║\Documents\GitHub\myengine\engine\src\ecs\systems\PhysicsSystem.cpp,748,6252481075,6602730,2,
Physics::Step,C:\Users\╨┐╨║\Documents\GitHub\myengine\engine\src\ecs\systems\PhysicsSystem.cpp,748,6270600219,6839511,2,
Physics::Step,C:\Users\╨┐╨║\Documents\GitHub\myengine\engine\src\ecs\systems\PhysicsSystem.cpp,748,6289649595,6335110,2,
Physics::Step,C:\Users\╨┐╨║\Documents\GitHub\myengine\engine\src\ecs\systems\PhysicsSystem.cpp,748,6308076064,7040905,2,
Physics::Step,C:\Users\╨┐╨║\Documents\GitHub\myengine\engine\src\ecs\systems\PhysicsSystem.cpp,748,6326496173,7019654,2,
Physics::Step,C:\Users\╨┐╨║\Documents\GitHub\myengine\engine\src\ecs\systems\PhysicsSystem.cpp,748,6346247185,6270988,2,
Physics::Step,C:\Users\╨┐╨║\Documents\GitHub\myengine\engine\src\ecs\systems\PhysicsSystem.cpp,748,6352518193,7417972,2,
Physics::Step,C:\Users\╨┐╨║\Documents\GitHub\myengine\engine\src\ecs\systems\PhysicsSystem.cpp,748,6371220087,7085038,2,
Physics::Step,C:\Users\╨┐╨║\Documents\GitHub\myengine\engine\src\ecs\systems\PhysicsSystem.cpp,748,6390040256,6269446,2,
Physics::Step,C:\Users\╨┐╨║\Documents\GitHub\myengine\engine\src\ecs\systems\PhysicsSystem.cpp,748,6408682236,6390907,2,
Physics::Step,C:\Users\╨┐╨║\Documents\GitHub\myengine\engine\src\ecs\systems\PhysicsSystem.cpp,748,6426919124,6237845,2,
Physics::Step,C:\Users\╨┐╨║\Documents\GitHub\myengine\engine\src\ecs\systems\PhysicsSystem.cpp,748,6446127111,6391749,2,
Physics::Step,C:\Users\╨┐╨║\Documents\GitHub\myengine\engine\src\ecs\systems\PhysicsSystem.cpp,748,6452518930,9291839,2,
Physics::Step,C:\Users\╨┐╨║\Documents\GitHub\myengine\engine\src\ecs\systems\PhysicsSystem.cpp,748,6477595430,6504312,2,
Physics::Step,C:\Users\╨┐╨║\Documents\GitHub\myengine\engine\src\ecs\systems\PhysicsSystem.cpp,748,6484099782,6145279,2,
Physics::Step,C:\Users\╨┐╨║\Documents\GitHub\myengine\engine\src\ecs\systems\PhysicsSystem.cpp,748,6502924660,6650632,2,
Physics::Step,C:\Users\╨┐╨║\Documents\GitHub\myengine\engine\src\ecs\systems\PhysicsSystem.cpp,748,6523272227,6379596,2,
Physics::Step,C:\Users\╨┐╨║\Documents\GitHub\myengine\engine\src\ecs\systems\PhysicsSystem.cpp,748,6541445455,6299403,2,
Physics::Step,C:\Users\╨┐╨║\Documents\GitHub\myengine\engine\src\ecs\systems\PhysicsSystem.cpp,748,6559943151,6812370,2,
Physics::Step,C:\Users\╨┐╨║\Documents\GitHub\myengine\engine\src\ecs\systems\PhysicsSystem.cpp,748,6579954518,6232075,2,
Physics::Step,C:\Users\╨┐╨║\Documents\GitHub\myengine\engine\src\ecs\systems\PhysicsSystem.cpp,748,6586186613,6810836,2,
Physics::Step,C:\Users\╨┐╨║\Documents\GitHub\myengine\engine\src\ecs\systems\PhysicsSystem.cpp,748,6605207464,6216795,2,
Physics::Step,C:\Users\╨┐╨║\Documents\GitHub\myengine\engine\src\ecs\systems\PhysicsSystem.cpp,748,6623006429,6614172,2,
Physics::Step,C:\Users\╨┐╨║\Documents\GitHub\myengine\engine\src\ecs\systems\PhysicsSystem.cpp,748,6641468366,6301487,2,
Physics::Step,C:\Users\╨┐╨║\Documents\GitHub\myengine\engine\src\ecs\systems\PhysicsSystem.cpp,748,6660188925,6329039,2,
Physics::Step,C:\Users\╨┐╨║\Documents\GitHub\myengine\engine\src\ecs\systems\PhysicsSystem.cpp,748,6679026246,6553607,2,
Physics::Step,C:\Users\╨┐╨║\Documents\GitHub\myengine\engine\src\ecs\systems\PhysicsSystem.cpp,748,6685580013,7748983,2,
Physics::Step,C:\Users\╨┐╨║\Documents\GitHub\myengine\engine\src\ecs\systems\PhysicsSystem.cpp,748,6705144810,6091727,2,
Physics::Step,C:\Users\╨┐╨║\Documents\GitHub\myengine\engine\src\ecs\systems\PhysicsSystem.cpp,748,6722959957,7224299,2,
Physics::Step,C:\Users\╨┐╨║\Documents\GitHub\myengine\engine\src\ecs\systems\PhysicsSystem.cpp,748,6742893776,6176038,2,
Physics::Step,C:\Users\╨┐╨║\Documents\GitHub\myengine\engine\src\ecs\systems\PhysicsSystem.cpp,748,6761108603,6203420,2,
Physics::Step,C:\Users\╨┐╨║\Documents\GitHub\myengine\engine\src\ecs\systems\PhysicsSystem.cpp,748,6767312103,7047677,2,
Physics::Step,C:\Users\╨┐╨║\Documents\GitHub\myengine\engine\src\ecs\systems\PhysicsSystem.cpp,748,6786962802,6833379,2,
Physics::Step,C:\Users\╨┐╨║\Documents\GitHub\myengine\engine\src\ecs\systems\PhysicsSystem.cpp,748,6805709884,6978836,2,
Physics::Step,C:\Users\╨┐╨║\Documents\GitHub\myengine\engine\src\ecs\systems\PhysicsSystem.cpp,748,6824060539,7380601,2,
Physics::Step,C:\Users\╨┐╨║\Documents\GitHub\myengine\engine\src\ecs\systems\PhysicsSystem.cpp,748,6843553639,7608219,2,
Physics::Step,C:\Users\╨┐╨║\Documents\GitHub\myengine\engine\src\ecs\systems\PhysicsSystem.cpp,748,6862742375,7485912,2,
Physics::Step,C:\Users\╨┐╨║\Documents\GitHub\myengine\engine\src\ecs\systems\PhysicsSystem.cpp,748,6870228397,5943966,2,
Physics::Step,C:\Users\╨┐╨║\Documents\GitHub\myengine\engine\src\ecs\systems\PhysicsSystem.cpp,748,6889137655,7315943,2,
Physics::Step,C:\Users\╨┐╨║\Documents\GitHub\myengine\engine\src\ecs\systems\PhysicsSystem.cpp,748,6908659796,6393512,2,
Physics::Step,C:\Users\╨┐╨║\Documents\GitHub\myengine\engine\src\ecs\systems\PhysicsSystem.cpp,748,6927073531,6473505,2,
Physics::Step,C:\Users\╨┐╨║\Documents\GitHub\myengine\engine\src\ecs\systems\PhysicsSystem.cpp,748,6945787969,6333839,2,
Physics::Step,C:\Users\╨┐╨║\Documents\GitHub\myengine\engine\src\ecs\systems\PhysicsSystem.cpp,748,6952121878,6184083,2,
Physics::Step,C:\Users\╨┐╨║\Documents\GitHub\myengine\engine\src\ecs\systems\PhysicsSystem.cpp,748,6970187108,6537857,2,
Physics::Step,C:\Users\╨┐╨║\Documents\GitHub\myengine\engine\src\ecs\systems\PhysicsSystem.cpp,748,6989276507,7010731,2,
Physics::Step,C:\Users\╨┐╨║\Documents\GitHub\myengine\engine\src\ecs\systems\PhysicsSystem.cpp,748,7009136941,6515213,2,
Physics::Step,C:\Users\╨┐╨║\Documents\GitHub\myengine\engine\src\ecs\systems\PhysicsSystem.cpp,748,7029520686,6668144,2,
Physics::Step,C:\Users\╨┐╨║\Documents\GitHub\myengine\engine\src\ecs\systems\PhysicsSystem.cpp,748,7036188880,8256769,2,
Physics::Step,C:\Users\╨┐╨║\Documents\GitHub\myengine\engine\src\ecs\systems\PhysicsSystem.cpp,748,7056882035,6802521,2,
Physics::Step,C:\Users\╨┐╨║\Documents\GitHub\myengine\engine\src\ecs\systems\PhysicsSystem.cpp,748,7075458717,7379349,2,
Physics::Step,C:\Users\╨┐╨║\Documents\GitHub\myengine\engine\src\ecs\systems\PhysicsSystem.cpp,748,7094230649,7270221,2,
Physics::Step,C:\Users\╨┐╨║\Documents\GitHub\myengine\engine\src\ecs\systems\PhysicsSystem.cpp,748,7101500960,6610946,2,
Physics::Step,C:\Users\╨┐╨║\Documents\GitHub\myengine\engine\src\ecs\systems\PhysicsSystem.cpp,748,7120009717,7165291,2,
Physics::Step,C:\Users\╨┐╨║\Documents\GitHub\myengine\engine\src\ecs\systems\PhysicsSystem.cpp,748,7138634623,7193424,2,
Physics::Step,C:\Users\╨┐╨║\Documents\GitHub\myengine\engine\src\ecs\systems\PhysicsSystem.cpp,748,7157336432,7126964,2,
Physics::Step,C:\Users\╨┐╨║\Documents\GitHub\myengine\engine\src\ecs\systems\PhysicsSystem.cpp,748,7176372709,7024653,2,
Physics::Step,C:\Users\╨┐╨║\Documents\GitHub\myengine\engine\src\ecs\systems\PhysicsSystem.cpp,748,7195664506,6926797,2,
Physics::Step,C:\Users\╨┐╨║\Documents\GitHub\myengine\engine\src\ecs\systems\PhysicsSystem.cpp,748,7202591693,6633539,2,
Physics::Step,C:\Users\╨┐╨║\Documents\GitHub\myengine\engine\src\ecs\systems\PhysicsSystem.cpp,748,7221406832,6852024,2,
Physics::Step,C:\Users\╨┐╨║\Documents\GitHub\myengine\engine\src\ecs\systems\PhysicsSystem.cpp,748,7240069621,7038780,2,
Physics::Step,C:\Users\╨┐╨║\Documents\GitHub\myengine\engine\src\ecs\systems\PhysicsSystem.cpp,748,7258813776,6611296,2,
Physics::Step,C:\Users\╨┐╨║\Documents\GitHub\myengine\engine\src\ecs\systems\PhysicsSystem.cpp,748,7276944122,7196109,2,
Physics::Step,C:\Users\╨┐╨║\Documents\GitHub\myengine\engine\src\ecs\systems\PhysicsSystem.cpp,748,7295878508,7054240,2,
Physics::Step,C:\Users\╨┐╨║\Documents\GitHub\myengine\engine\src\ecs\systems\PhysicsSystem.cpp,748,7302932838,6585147,2,
Physics::Step,C:\Users\╨┐╨║\Documents\GitHub\myengine\engine\src\ecs\systems\PhysicsSystem.cpp,748,7321764200,6407558,2,
Physics::Step,C:\Users\╨┐╨║\Documents\GitHub\myengine\engine\src\ecs\systems\PhysicsSystem.cpp,748,7340231988,7497559,2,
Physics::Step,C:\Users\╨┐╨║\Documents\GitHub\myengine\engine\src\ecs\systems\PhysicsSystem.cpp,748,7360260131,6759188,2,
Physics::Step,C:\Users\╨┐╨║\Documents\GitHub\myengine\engine\src\ecs\systems\PhysicsSystem.cpp,748,7379073488,7320987,2,
Physics::Step,C:\Users\╨┐╨║\Documents\GitHub\myengine\engine\src\ecs\systems\PhysicsSystem.cpp,748,7386394495,6523539,2,
Physics::Step,C:\Users\╨┐╨║\Documents\GitHub\myengine\engine\src\ecs\systems\PhysicsSystem.cpp,748,7405746737,7323092,2,
Physics::Step,C:\Users\╨┐╨║\Documents\GitHub\myengine\engine\src\ecs\systems\PhysicsSystem.cpp,748,7426079597,8024069,2,
Physics::Step,C:\Users\╨┐╨║\Documents\GitHub\myengine\engine\src\ecs\systems\PhysicsSystem.cpp,748,7446678998,6709964,2,
Physics::Step,C:\Users\╨┐╨║\Documents\GitHub\myengine\engine\src\ecs\systems\PhysicsSystem.cpp,748,7453389073,6021313,2,
Physics::Step,C:\Users\╨┐╨║\Documents\GitHub\myengine\engine\src\ecs\systems\PhysicsSystem.cpp,748,7471507115,6420052,2,
Physics::Step,C:\Users\╨┐╨║\Documents\GitHub\myengine\engine\src\ecs\systems\PhysicsSystem.cpp,748,7490246971,6648307,2,
Physics::Step,C:\Users\╨┐╨║\Documents\GitHub\myengine\engine\src\ecs\systems\PhysicsSystem.cpp,748,7509978456,6713861,2,
Physics::Step,C:\Users\╨┐╨║\Documents\GitHub\myengine\engine\src\ecs\systems\PhysicsSystem.cpp,748,7530320320,7026407,2,
Physics::Step,C:\Users\╨┐╨║\Documents\GitHub\myengine\engine\src\ecs\systems\PhysicsSystem.cpp,748,7537346757,5943776,2,
Physics::Step,C:\Users\╨┐╨║\Documents\GitHub\myengine\engine\src\ecs\systems\PhysicsSystem.cpp,748,7556025617,6602790,2,
Physics::Step,C:\Users\╨┐╨║\Documents\GitHub\myengine\engine\src\ecs\systems\PhysicsSystem.cpp,748,7574622772,8137251,2,
Physics::Step,C:\Users\╨┐╨║\Documents\GitHub\myengine\engine\src\ecs\systems\PhysicsSystem.cpp,748,7595141396,6530613,2,
Physics::Step,C:\Users\╨┐╨║\Documents\GitHub\myengine\engine\src\ecs\systems\PhysicsSystem.cpp,748,7601672119,7194076,2,
Physics::Step,C:\Users\╨┐╨║\Documents\GitHub\myengine\engine\src\ecs\systems\PhysicsSystem.cpp,748,7620820723,6702420,2,
Physics::Step,C:\Users\╨┐╨║\Documents\GitHub\myengine\engine\src\ecs\systems\PhysicsSystem.cpp,748,7639015973,7241245,2,
Physics::Step,C:\Users\╨┐╨║\Documents\GitHub\myengine\engine\src\ecs\systems\PhysicsSystem.cpp,748,7658122076,7267526,2,
Physics::Step,C:\Users\╨┐╨║\Documents\GitHub\myengine\engine\src\ecs\systems\PhysicsSystem.cpp,748,7677027367,7190880,2,
Physics::Step,C:\Users\╨┐╨║\Documents\GitHub\myengine\engine\src\ecs\systems\PhysicsSystem.cpp,748,7697630010,7449803,2,
Physics::Step,C:\Users\╨┐╨║\Documents\GitHub\myengine\engine\src\ecs\systems\PhysicsSystem.cpp,748,7705079833,6203931,2,
Physics::Step,C:\Users\╨┐╨║\Documents\GitHub\myengine\engine\src\ecs\systems\PhysicsSystem.cpp,748,7722868437,7276723,2,
Physics::Step,C:\Users\╨┐╨║\Documents\GitHub\myengine\engine\src\ecs\systems\PhysicsSystem.cpp,748,7742428865,7780102,2,
Physics::Step,C:\Users\╨┐╨║\Documents\GitHub\myengine\engine\src\ecs\systems\PhysicsSystem.cpp,748,7762537547,7318423,2,
Physics::Step,C:\Users\╨┐╨║\Documents\GitHub\myengine\engine\src\ecs\systems\PhysicsSystem.cpp,748,7769855990,6394313,2,
Physics::Step,C:\Users\╨┐╨║\Documents\GitHub\myengine\engine\src\ecs\systems\PhysicsSystem.cpp,748,7787914329,6755471,2,
Physics::Step,C:\Users\╨┐╨║\Documents\GitHub\myengine\engine\src\ecs\systems\PhysicsSystem.cpp,748,7806306573,8086712,2,
Physics::Step,C:\Users\╨┐╨║\Documents\GitHub\myengine\engine\src\ecs\systems\PhysicsSystem.cpp,748,7826323416,6906659,2,
Physics::Step,C:\Users\╨┐╨║\Documents\GitHub\myengine\engine\src\ecs\systems\PhysicsSystem.cpp,748,7845160714,6671962,2,
Physics::Step,C:\Users\╨┐╨║\Documents\GitHub\myengine\engine\src\ecs\systems\PhysicsSystem.cpp,748,7851832816,6226504,2,
Physics::Step,C:\Users\╨┐╨║\Documents\GitHub\myengine\engine\src\ecs\systems\PhysicsSystem.cpp,748,7869739676,7265592,2,
Physics::Step,C:\Users\╨┐╨║\Documents\GitHub\myengine\engine\src\ecs\systems\PhysicsSystem.cpp,748,7888938386,7157136,2,
Physics::Step,C:\Users\╨┐╨║\Documents\GitHub\myengine\engine\src\ecs\systems\PhysicsSystem.cpp,748,7908172098,7377936,2,
Physics::Step,C:\Users\╨┐╨║\Documents\GitHub\myengine\engine\src\ecs\systems\PhysicsSystem.cpp,748,7927248786,6632356,2,
Physics::Step,C:\Users\╨┐╨║\Documents\GitHub\myengine\engine\src\ecs\systems\PhysicsSystem.cpp,748,7945840640,7353770,2,
Physics::Step,C:\Users\╨┐╨║\Documents\GitHub\myengine\engine\src\ecs\systems\PhysicsSystem.cpp,748,7953194440,6284845,2,
Physics::Step,C:\Users\╨┐╨║\Documents\GitHub\myengine\engine\src\ecs\systems\PhysicsSystem.cpp,748,7970925264,6493032,2,
Physics::Step,C:\Users\╨┐╨║\Documents\GitHub\myengine\engine\src\ecs\systems\PhysicsSystem.cpp,748,7989612306,7694588,2,
Physics::Step,C:\Users\╨┐╨║\Documents\GitHub\myengine\engine\src\ecs\systems\PhysicsSystem.cpp,748,8008831284,7364080,2,
Physics::Step,C:\Users\╨┐╨║\Documents\GitHub\myengine\engine\src\ecs\systems\PhysicsSystem.cpp,748,8029494993,7002311,2,
Physics::Step,C:\Users\╨┐╨║\Documents\GitHub\myengine\engine\src\ecs\systems\PhysicsSystem.cpp,748,8036497324,6104351,2,
Physics::Step,C:\Users\╨┐╨║\Documents\GitHub\myengine\engine\src\ecs\systems\PhysicsSystem.cpp,748,8055686795,6991991,2,
Physics::Step,C:\Users\╨┐╨║\Documents\GitHub\myengine\engine\src\ecs\systems\PhysicsSystem.cpp,748,8074330434,7788819,2,
Physics::Step,C:\Users\╨┐╨║\Documents\GitHub\myengine\engine\src\ecs\systems\PhysicsSystem.cpp,748,8094667500,7350073,2,
Physics::Step,C:\Users\╨┐╨║\Documents\GitHub\myengine\engine\src\ecs\systems\PhysicsSystem.cpp,748,8102017603,6563656,2,
Physics::Step,C:\Users\╨┐╨║\Documents\GitHub\myengine\engine\src\ecs\systems\PhysicsSystem.cpp,748,8119996651,6845442,2,
Physics::Step,C:\Users\╨┐╨║\Documents\GitHub\myengine\engine\src\ecs\systems\PhysicsSystem.cpp,748,8138352813,7098474,2,
Physics::Step,C:\Users\╨┐╨║\Documents\GitHub\myengine\engine\src\ecs\systems\PhysicsSystem.cpp,748,8156991396,6492029,2,
Physics::Step,C:\Users\╨┐╨║\Documents\GitHub\myengine\engine\src\ecs\systems\PhysicsSystem.cpp,748,8175825281,7081762,2,
Physics::Step,C:\Users\╨┐╨║\Documents\GitHub\myengine\engine\src\ecs\systems\PhysicsSystem.cpp,748,8195952618,7560002,2,
Physics::Step,C:\Users\╨┐╨║\Documents\GitHub\myengine\engine\src\ecs\systems\PhysicsSystem.cpp,748,8203512751,6311485,2,
Physics::Step,C:\Users\╨┐╨║\Documents\GitHub\myengine\engine\src\ecs\systems\PhysicsSystem.cpp,748,8222184768,6765770,2,
Physics::Step,C:\Users\╨┐╨║\Documents\GitHub\myengine\engine\src\ecs\systems\PhysicsSystem.cpp,748,8240178584,6824412,2,
Physics::Step,C:\Users\╨┐╨║\Documents\GitHub\myengine\engine\src\ecs\systems\PhysicsSystem.cpp,748,8258498861,6811207,2,
Physics::Step,C:\Users\╨┐╨║\Documents\GitHub\myengine\engine\src\ecs\systems\PhysicsSystem.cpp,748,8276527124,6638989,2,
Physics::Step,C:\Users\╨┐╨║\Documents\GitHub\myengine\engine\src\ecs\systems\PhysicsSystem.cpp,748,8295257132,7602723,2,
Physics::Step,C:\Users\╨┐╨║\Documents\GitHub\myengine\engine\src\ecs\systems\PhysicsSystem.cpp,748,8302859865,6272933,2,
Physics::Step,C:\Users\╨┐╨║\Documents\GitHub\myengine\engine\src\ecs\systems\PhysicsSystem.cpp,748,8321224738,7086040,2,
Physics::Step,C:\Users\╨┐╨║\Documents\GitHub\myengine\engine\src\ecs\systems\PhysicsSystem.cpp,748,8340240169,6661892,2,
Physics::Step,C:\Users\╨┐╨║\Documents\GitHub\myengine\engine\src\ecs\systems\PhysicsSystem.cpp,748,8358126098,7140103,2,
Physics::Step,C:\Users\╨┐╨║\Documents\GitHub\myengine\engine\src\ecs\systems\PhysicsSystem.cpp,748,8376851444,7420972,2,
Physics::Step,C:\Users\╨┐╨║\Documents\GitHub\myengine\engine\src\ecs\systems\PhysicsSystem.cpp,748,8396093319,6791008,2,
Physics::Step,C:\Users\╨┐╨║\Documents\GitHub\myengine\engine\src\ecs\systems\PhysicsSystem.cpp,748,8402884437,7033096,2,
Physics::Step,C:\Users\╨┐╨║\Documents\GitHub\myengine\engine\src\ecs\systems\PhysicsSystem.cpp,748,8422265531,7492524,2,
Physics::Step,C:\Users\╨┐╨║\Documents\GitHub\myengine\engine\src\ecs\systems\PhysicsSystem.cpp,748,8442396244,6802481,2,
Physics::Step,C:\Users\╨┐╨║\Documents\GitHub\myengine\engine\src\ecs\systems\PhysicsSystem.cpp,748,8460861223,6507789,2,
Physics::Step,C:\Users\╨┐╨║\Documents\GitHub\myengine\engine\src\ecs\systems\PhysicsSystem.cpp,748,8467369032,6639290,2,
Physics::Step,C:\Users\╨┐╨║\Documents\GitHub\myengine\engine\src\ecs\systems\PhysicsSystem.cpp,748,8486187487,6855702,2,
Physics::Step,C:\Users\╨┐╨║\Documents\GitHub\myengine\engine\src\ecs\systems\PhysicsSystem.cpp,748,8505103969,6652054,2,
Physics::Step,C:\Users\╨┐╨║\Documents\GitHub\myengine\engine\src\ecs\systems\PhysicsSystem.cpp,748,8524218200,6668555,2,
Physics::Step,C:\Users\╨┐╨║\Documents\GitHub\myengine\engine\src\ecs\systems\PhysicsSystem.cpp,748,8543005786,6898222,2,
Physics::Step,C:\Users\╨┐╨║\Documents\GitHub\myengine\engine\src\ecs\systems\PhysicsSystem.cpp,748,8563724496,6620884,2,
Physics::Step,C:\Users\╨┐╨║\Documents\GitHub\myengine\engine\src\ecs\systems\PhysicsSystem.cpp,748,8570345420,5823126,2,
Physics::Step,C:\Users\╨┐╨║\Documents\GitHub\myengine\engine\src\ecs\systems\PhysicsSystem.cpp,748,8588898190,6984847,2,
Physics::Step,C:\Users\╨┐╨║\Documents\GitHub\myengine\engine\src\ecs\systems\PhysicsSystem.cpp,748,8607758966,6712058,2,
Physics::Step,C:\Users\╨┐╨║\Documents\GitHub\myengine\engine\src\ecs\systems\PhysicsSystem.cpp,748,8626391249,6801227,2,
Physics::Step,C:\Users\╨┐╨║\Documents\GitHub\myengine\engine\src\ecs\systems\PhysicsSystem.cpp,748,8645467435,7197613,2,
Physics::Step,C:\Users\╨┐╨║\Documents\GitHub\myengine\engine\src\ecs\systems\PhysicsSystem.cpp,748,8652665078,6004411,2,
Physics::Step,C:\Users\╨┐╨║\Documents\GitHub\myengine\engine\src\ecs\systems\PhysicsSystem.cpp,748,8670691015,6616055,2,
Physics::Step,C:\Users\╨┐╨║\Documents\GitHub\myengine\engine\src\ecs\systems\PhysicsSystem.cpp,748,8695573555,7001079,2,
Physics::Step,C:\Users\╨┐╨║\Documents\GitHub\myengine\engine\src\ecs\systems\PhysicsSystem.cpp,748,8702574654,6288492,2,
Physics::Step,C:\Users\╨┐╨║\Documents\GitHub\myengine\engine\src\ecs\systems\PhysicsSystem.cpp,748,8720420308,7373337,2,
Physics::Step,C:\Users\╨┐╨║\Documents\GitHub\myengine\engine\src\ecs\systems\PhysicsSystem.cpp,748,8740143796,6455399,2,
Physics::Step,C:\Users\╨┐╨║\Documents\GitHub\myengine\engine\src\ecs\systems\PhysicsSystem.cpp,748,8759152385,6396206,2,
Physics::Step,C:\Users\╨┐╨║\Documents\GitHub\myengine\engine\src\ecs\systems\PhysicsSystem.cpp,748,8779430994,6418018,2,
Physics::Step,C:\Users\╨┐╨║\Documents\GitHub\myengine\engine\src\ecs\systems\PhysicsSystem.cpp,748,8785849052,6719993,2,
Physics::Step,C:\Users\╨┐╨║\Documents\GitHub\myengine\engine\src\ecs\systems\PhysicsSystem.cpp,748,8804221599,6311085,2,
Physics::Step,C:\Users\╨┐╨║\Documents\GitHub\myengine\engine\src\ecs\systems\PhysicsSystem.cpp,748,8822560433,6374255,2,
Physics::Step,C:\Users\╨┐╨║\Documents\GitHub\myengine\engine\src\ecs\systems\PhysicsSystem.cpp,748,8840787553,6609002,2,
Physics::Step,C:\Users\╨┐╨║\Documents\GitHub\myengine\engine\src\ecs\systems\PhysicsSystem.cpp,748,8859291300,6701128,2,
Physics::Step,C:\Users\╨┐╨║\Documents\GitHub\myengine\engine\src\ecs\systems\PhysicsSystem.cpp,748,8878250743,6319020,2,
Physics::Step,C:\Users\╨┐╨║\Documents\GitHub\myengine\engine\src\ecs\systems\PhysicsSystem.cpp,748,8884569783,6838088,2,
Physics::Step,C:\Users\╨┐╨║\Documents\GitHub\myengine\engine\src\ecs\systems\PhysicsSystem.cpp,748,8903165525,6763658,2,
Physics::Step,C:\Users\╨┐╨║\Documents\GitHub\myengine\engine\src\ecs\systems\PhysicsSystem.cpp,748,8921885335,8268952,2,
Physics::Step,C:\Users\╨┐╨║\Documents\GitHub\myengine\engine\src\ecs\systems\PhysicsSystem.cpp,748,8942433954,6271400,2,
Physics::Step,C:\Users\╨┐╨║\Documents\GitHub\myengine\engine\src\ecs\systems\PhysicsSystem.cpp,748,8961691400,7198975,2,
Physics::Step,C:\Users\╨┐╨║\Documents\GitHub\myengine\engine\src\ecs\systems\PhysicsSystem.cpp,748,8968890606,7514927,2,
Physics::Step,C:\Users\╨┐╨║\Documents\GitHub\myengine\engine\src\ecs\systems\PhysicsSystem.cpp,748,8987811047,6208029,2,
Physics::Step,C:\Users\╨┐╨║\Documents\GitHub\myengine\engine\src\ecs\systems\PhysicsSystem.cpp,748,9006269947,6855341,2,
Physics::Step,C:\Users\╨┐╨║\Documents\GitHub\myengine\engine\src\ecs\systems\PhysicsSystem.cpp,748,9025250352,6615294,2,
Physics::Step,C:\Users\╨┐╨║\Documents\GitHub\myengine\engine\src\ecs\systems\PhysicsSystem.cpp,748,9043749822,7361118,2,
Physics::Step,C:\Users\╨┐╨║\Documents\GitHub\myengine\engine\src\ecs\systems\PhysicsSystem.cpp,748,9064772296,6825164,2,
Physics::Step,C:\Users\╨┐╨║\Documents\GitHub\myengine\engine\src\ecs\systems\PhysicsSystem.cpp,748,9071597570,7433692,2,
Physics::Step,C:\Users\╨┐╨║\Documents\GitHub\myengine\engine\src\ecs\systems\PhysicsSystem.cpp,748,9090316298,7164048,2,
Physics::Step,C:\Users\╨┐╨║\Documents\GitHub\myengine\engine\src\ecs\systems\PhysicsSystem.cpp,748,9109979462,6229399,2,
Physics::Step,C:\Users\╨┐╨║\Documents\GitHub\myengine\engine\src\ecs\systems\PhysicsSystem.cpp,748,9128217381,6224590,2,
Physics::Step,C:\Users\╨┐╨║\Documents\GitHub\myengine\engine\src\ecs\systems\PhysicsSystem.cpp,748,9134442001,6765640,2,
Physics::Step,C:\Users\╨┐╨║\Documents\GitHub\myengine\engine\src\ecs\systems\PhysicsSystem.cpp,748,9153072519,6343146,2,
Physics::Step,C:\Users\╨┐╨║\Documents\GitHub\myengine\engine\src\ecs\systems\PhysicsSystem.cpp,748,9171331721,7026106,2,
Physics::Step,C:\Users\╨┐╨║\Documents\GitHub\myengine\engine\src\ecs\systems\PhysicsSystem.cpp,748,9190946613,6479004,2,
Physics::Step,C:\Users\╨┐╨║\Documents\GitHub\myengine\engine\src\ecs\systems\PhysicsSystem.cpp,748,9210595536,6424701,2,
Physics::Step,C:\Users\╨┐╨║\Documents\GitHub\myengine\engine\src\ecs\systems\PhysicsSystem.cpp,748,9228928578,6122245,2,
Physics::Step,C:\Users\╨┐╨║\Documents\GitHub\myengine\engine\src\ecs\systems\PhysicsSystem.cpp,748,9235050863,6606969,2,
Physics::Step,C:\Users\╨┐╨║\Documents\GitHub\myengine\engine\src\ecs\systems\PhysicsSystem.cpp,748,9253137396,6165478,2,
Physics::Step,C:\Users\╨┐╨║\Documents\GitHub\myengine\engine\src\ecs\systems\PhysicsSystem.cpp,748,9271025770,6268093,2,
Physics::Step,C:\Users\╨┐╨║\Documents\GitHub\myengine\engine\src\ecs\systems\PhysicsSystem.cpp,748,9291134603,6901609,2,
Physics::Step,C:\Users\╨┐╨║\Documents\GitHub\myengine\engine\src\ecs\systems\PhysicsSystem.cpp,748,9310377366,6879267,2,
Physics::Step,C:\Users\╨┐╨║\Documents\GitHub\myengine\engine\src\ecs\systems\PhysicsSystem.cpp,748,9329068658,7260540,2,
Physics::Step,C:\Users\╨┐╨║\Documents\GitHub\myengine\engine\src\ecs\systems\PhysicsSystem.cpp,748,9336329248,6059997,2,
Physics::Step,C:\Users\╨┐╨║\Documents\GitHub\myengine\engine\src\ecs\systems\PhysicsSystem.cpp,748,9353950641,7317986,2,
Physics::Step,C:\Users\╨┐╨║\Documents\GitHub\myengine\engine\src\ecs\systems\PhysicsSystem.cpp,748,9372956067,6831606,2,
Physics::Step,C:\Users\╨┐╨║\Documents\GitHub\myengine\engine\src\ecs\systems\PhysicsSystem.cpp,748,9391818395,6571371,2,
Physics::Step,C:\Users\╨┐╨║\Documents\GitHub\myengine\engine\src\ecs\systems\PhysicsSystem.cpp,748,9410894061,6383082,2,
Physics::Step,C:\Users\╨┐╨║\Documents\GitHub\myengine\engine\src\ecs\systems\PhysicsSystem.cpp,748,9417277183,7374620,2,
Physics::Step,C:\Users\╨┐╨║\Documents\GitHub\myengine\engine\src\ecs\systems\PhysicsSystem.cpp,748,9436239964,8240828,2,
Physics::Step,C:\Users\╨┐╨║\Documents\GitHub\myengine\engine\src\ecs\systems\PhysicsSystem.cpp,748,9461135779,8740951,2,
Physics::Step,C:\Users\╨┐╨║\Documents\GitHub\myengine\engine\src\ecs\systems\PhysicsSystem.cpp,748,9469876911,6536764,2,
Physics::Step,C:\Users\╨┐╨║\Documents\GitHub\myengine\engine\src\ecs\systems\PhysicsSystem.cpp,748,9488030741,6174485,2,
Physics::Step,C:\Users\╨┐╨║\Documents\GitHub\myengine\engine\src\ecs\systems\PhysicsSystem.cpp,748,9506390644,6736395,2,
Physics::Step,C:\Users\╨┐╨║\Documents\GitHub\myengine\engine\src\ecs\systems\PhysicsSystem.cpp,748,9525338466,6375768,2,
Physics::Step,C:\Users\╨┐╨║\Documents\GitHub\myengine\engine\src\ecs\systems\PhysicsSystem.cpp,748,9543545188,6692771,2,
Physics::Step,C:\Users\╨┐╨║\Documents\GitHub\myengine\engine\src\ecs\systems\PhysicsSystem.cpp,748,9562465087,7138560,2,
Physics::Step,C:\Users\╨┐╨║\Documents\GitHub\myengine\engine\src\ecs\systems\PhysicsSystem.cpp,748,9569603897,7273407,2,
Physics::Step,C:\Users\╨┐╨║\Documents\GitHub\myengine\engine\src\ecs\systems\PhysicsSystem.cpp,748,9590855502,6504613,2,
Physics::Step,C:\Users\╨┐╨║\Documents\GitHub\myengine\engine\src\ecs\systems\PhysicsSystem.cpp,748,9609236335,7221187,2,
Physics::Step,C:\Users\╨┐╨║\Documents\GitHub\myengine\engine\src\ecs\systems\PhysicsSystem.cpp,748,9628975523,6477802,2,
Physics::Step,C:\Users\╨┐╨║\Documents\GitHub\myengine\engine\src\ecs\systems\PhysicsSystem.cpp,748,9635453345,7077143,2,
Physics::Step,C:\Users\╨┐╨║\Documents\GitHub\myengine\engine\src\ecs\systems\PhysicsSystem.cpp,748,9653886738,6438096,2,
Physics::Step,C:\Users\╨┐╨║\Documents\GitHub\myengine\engine\src\ecs\systems\PhysicsSystem.cpp,748,9672133134,6838209,2,
Physics::Step,C:\Users\╨┐╨║\Documents\GitHub\myengine\engine\src\ecs\systems\PhysicsSystem.cpp,748,9690807075,6234109,2,
Physics::Step,C:\Users\╨┐╨║\Documents\GitHub\myengine\engine\src\ecs\systems\PhysicsSystem.cpp,748,9709336641,6429250,2,
Physics::Step,C:\Users\╨┐╨║\Documents\GitHub\myengine\engine\src\ecs\systems\PhysicsSystem.cpp,748,9728585757,8428706,2,
Physics::Step,C:\Users\╨┐╨║\Documents\GitHub\myengine\engine\src\ecs\systems\PhysicsSystem.cpp,748,9737014714,6499794,2,
Physics::Step,C:\Users\╨┐╨║\Documents\GitHub\myengine\engine\src\ecs\systems\PhysicsSystem.cpp,748,9755706038,6334229,2,
Physics::Step,C:\Users\╨┐╨║\Documents\GitHub\myengine\engine\src\ecs\systems\PhysicsSystem.cpp,748,9774060761,6263915,2,
Physics::Step,C:\Users\╨┐╨║\Documents\GitHub\myengine\engine\src\ecs\systems\PhysicsSystem.cpp,748,9792381980,6630609,2,
Physics::Step,C:\Users\╨┐╨║\Documents\GitHub\myengine\engine\src\ecs\systems\PhysicsSystem.cpp,748,9810716208,7057747,2,
Physics::Step,C:\Users\╨┐╨║\Documents\GitHub\myengine\engine\src\ecs\systems\PhysicsSystem.cpp,748,9817773995,6118989,2,
Physics::Step,C:\Users\╨┐╨║\Documents\GitHub\myengine\engine\src\ecs\systems\PhysicsSystem.cpp,748,9836011125,6785649,2,
Physics::Step,C:\Users\╨┐╨║\Documents\GitHub\myengine\engine\src\ecs\systems\PhysicsSystem.cpp,748,9855161503,7040864,2,
Physics::Step,C:\Users\╨┐╨║\Documents\GitHub\myengine\engine\src\ecs\systems\PhysicsSystem.cpp,748,9873968648,6844189,2,
Physics::Step,C:\Users\╨┐╨║\Documents\GitHub\myengine\engine\src\ecs\systems\PhysicsSystem.cpp,748,9892428520,7314254,2,
Physics::Step,C:\Users\╨┐╨║\Documents\GitHub\myengine\engine\src\ecs\systems\PhysicsSystem.cpp,748,9911662116,6820645,2,
Physics::Step,C:\Users\╨┐╨║\Documents\GitHub\myengine\engine\src\ecs\systems\PhysicsSystem.cpp,748,9918482831,6313589,2,
Physics::Step,C:\Users\╨┐╨║\Documents\GitHub\myengine\engine\src\ecs\systems\PhysicsSystem.cpp,748,9936396705,6326504,2,
Physics::Step,C:\Users\╨┐╨║\Documents\GitHub\myengine\engine\src\ecs\systems\PhysicsSystem.cpp,748,9955427645,6952256,2,
Physics::Step,C:\Users\╨┐╨║\Documents\GitHub\myengine\engine\src\ecs\systems\PhysicsSystem.cpp,748,9974651344,6509622,2,
Physics::Step,C:\Users\╨┐╨║\Documents\GitHub\myengine\engine\src\ecs\systems\PhysicsSystem.cpp,748,9993210646,6223849,2,
Physics::Step,C:\Users\╨┐╨║\Documents\GitHub\myengine\engine\src\ecs\systems\PhysicsSystem.cpp,748,10011978115,6714974,2,
Physics::Step,C:\Users\╨┐╨║\Documents\GitHub\myengine\engine\src\ecs\systems\PhysicsSystem.cpp,748,10018693209,6747766,2,
Physics::Step,C:\Users\╨┐╨║\Documents\GitHub\myengine\engine\src\ecs\systems\PhysicsSystem.cpp,748,10036880162,6267862,2,
Physics::Step,C:\Users\╨┐╨║\Documents\GitHub\myengine\engine\src\ecs\systems\PhysicsSystem.cpp,748,10055144800,7176817,2,
Physics::Step,C:\Users\╨┐╨║\Documents\GitHub\myengine\engine\src\ecs\systems\PhysicsSystem.cpp,748,10074589020,6233147,2,
Physics::Step,C:\Users\╨┐╨║\Documents\GitHub\myengine\engine\src\ecs\systems\PhysicsSystem.cpp,748,10095343322,6671871,2,
Physics::Step,C:\Users\╨┐╨║\Documents\GitHub\myengine\engine\src\ecs\systems\PhysicsSystem.cpp,748,10102015314,7674420,2,
Physics::Step,C:\Users\╨┐╨║\Documents\GitHub\myengine\engine\src\ecs\systems\PhysicsSystem.cpp,748,10121210857,6258926,2,
Physics::Step,C:\Users\╨┐╨║\Documents\GitHub\myengine\engine\src\ecs\systems\PhysicsSystem.cpp,748,10139848220,6350149,2,
Physics::Step,C:\Users\╨┐╨║\Documents\GitHub\myengine\engine\src\ecs\systems\PhysicsSystem.cpp,748,10158207952,7316559,2,
Physics::Step,C:\Users\╨┐╨║\Documents\GitHub\myengine\engine\src\ecs\systems\PhysicsSystem.cpp,748,10177273709,7777517,2,
Physics::Step,C:\Users\╨┐╨║\Documents\GitHub\myengine\engine\src\ecs\systems\PhysicsSystem.cpp,748,10185051246,6883935,2,
Physics::Step,C:\Users\╨┐╨║\Documents\GitHub\myengine\engine\src\ecs\systems\PhysicsSystem.cpp,748,10204081644,6683484,2,
Physics::Step,C:\Users\╨┐╨║\Documents\GitHub\myengine\engine\src\ecs\systems\PhysicsSystem.cpp,748,10222935177,6545200,2,
Physics::Step,C:\Users\╨┐╨║\Documents\GitHub\myengine\engine\src\ecs\systems\PhysicsSystem.cpp,748,10241310716,7016047,2,
Physics::Step,C:\Users\╨┐╨║\Documents\GitHub\myengine\engine\src\ecs\systems\PhysicsSystem.cpp,748,10260281240,6283312,2,
Physics::Step,C:\Users\╨┐╨║\Documents\GitHub\myengine\engine\src\ecs\systems\PhysicsSystem.cpp,748,10278911488,6629381,2,
Physics::Step,C:\Users\╨┐╨║\Documents\GitHub\myengine\engine\src\ecs\systems\PhysicsSystem.cpp,748,10285540889,6235571,2,
Physics::Step,C:\Users\╨┐╨║\Documents\GitHub\myengine\engine\src\ecs\systems\PhysicsSystem.cpp,748,10303983821,7280415,2,
Physics::Step,C:\Users\╨┐╨║\Documents\GitHub\myengine\engine\src\ecs\systems\PhysicsSystem.cpp,748,10323377505,6412478,2,
Physics::Step,C:\Users\╨┐╨║\Documents\GitHub\myengine\engine\src\ecs\systems\PhysicsSystem.cpp,748,10341976484,6212989,2,
Physics::Step,C:\Users\╨┐╨║\Documents\GitHub\myengine\engine\src\ecs\systems\PhysicsSystem.cpp,748,10359945774,6218238,2,
Physics::Step,C:\Users\╨┐╨║\Documents\GitHub\myengine\engine\src\ecs\systems\PhysicsSystem.cpp,748,10378386410,6555621,2,
Physics::Step,C:\Users\╨┐╨║\Documents\GitHub\myengine\engine\src\ecs\systems\PhysicsSystem.cpp,748,10384942141,6822428,2,
Physics::Step,C:\Users\╨┐╨║\Documents\GitHub\myengine\engine\src\ecs\systems\PhysicsSystem.cpp,748,10403846349,6995387,2,
Physics::Step,C:\Users\╨┐╨║\Documents\GitHub\myengine\engine\src\ecs\systems\PhysicsSystem.cpp,748,10422638114,6944010,2,
Physics::Step,C:\Users\╨┐╨║\Documents\GitHub\myengine\engine\src\ecs\systems\PhysicsSystem.cpp,748,10441365904,7420777,2,
Physics::Step,C:\Users\╨┐╨║\Documents\GitHub\myengine\engine\src\ecs\systems\PhysicsSystem.cpp,748,10460058200,7023541,2,
Physics::Step,C:\Users\╨┐╨║\Documents\GitHub\myengine\engine\src\ecs\systems\PhysicsSystem.cpp,748,10478883309,6277204,2,
Physics::Step,C:\Users\╨┐╨║\Documents\GitHub\myengine\engine\src\ecs\systems\PhysicsSystem.cpp,748,10485160573,6495116,2,
Physics::Step,C:\Users\╨┐╨║\Documents\GitHub\myengine\engine\src\ecs\systems\PhysicsSystem.cpp,748,10503527189,7313373,2,
Physics::Step,C:\Users\╨┐╨║\Documents\GitHub\myengine\engine\src\ecs\systems\PhysicsSystem.cpp,748,10522329423,6691779,2,
Physics::Step,C:\Users\╨┐╨║\Documents\GitHub\myengine\engine\src\ecs\systems\PhysicsSystem.cpp,748,10540859371,6284815,2,
Physics::Step,C:\Users\╨┐╨║\Documents\GitHub\myengine\engine\src\ecs\systems\PhysicsSystem.cpp,748,10559094214,6183953,2,
Physics::Step,C:\Users\╨┐╨║\Documents\GitHub\myengine\engine\src\ecs\systems\PhysicsSystem.cpp,748,10577697521,7133600,2,
Physics::Step,C:\Users\╨┐╨║\Documents\GitHub\myengine\engine\src\ecs\systems\PhysicsSystem.cpp,748,10584831222,6657704,2,
Physics::Step,C:\Users\╨┐╨║\Documents\GitHub\myengine\engine\src\ecs\systems\PhysicsSystem.cpp,748,10604549681,6540241,2,
Physics::Step,C:\Users\╨┐╨║\Documents\GitHub\myengine\engine\src\ecs\systems\PhysicsSystem.cpp,748,10622736786,7692244,2,
Physics::Step,C:\Users\╨┐╨║\Documents\GitHub\myengine\engine\src\ecs\systems\PhysicsSystem.cpp,748,10642210329,6156681,2,
Physics::Step,C:\Users\╨┐╨║\Documents\GitHub\myengine\engine\src\ecs\systems\PhysicsSystem.cpp,748,10660328853,6360468,2,
Physics::Step,C:\Users\╨┐╨║\Documents\GitHub\myengine\engine\src\ecs\systems\PhysicsSystem.cpp,748,10678795799,6635883,2,
Physics::Step,C:\Users\╨┐╨║\Documents\GitHub\myengine\engine\src\ecs\systems\PhysicsSystem.cpp,748,10685431703,6366770,2,
Physics::Step,C:\Users\╨┐╨║\Documents\GitHub\myengine\engine\src\ecs\systems\PhysicsSystem.cpp,748,10703537130,6377220,2,
Physics::Step,C:\Users\╨┐╨║\Documents\GitHub\myengine\engine\src\ecs\systems\PhysicsSystem.cpp,748,10722341759,6612960,2,
Physics::Step,C:\Users\╨┐╨║\Documents\GitHub\myengine\engine\src\ecs\systems\PhysicsSystem.cpp,748,10741960649,6345591,2,
Physics::Step,C:\Users\╨┐╨║\Documents\GitHub\myengine\engine\src\ecs\systems\PhysicsSystem.cpp,748,10761144501,6324270,2,
Physics::Step,C:\Users\╨┐╨║\Documents\GitHub\myengine\engine\src\ecs\systems\PhysicsSystem.cpp,748,10767468811,6658806,2,
Physics::Step,C:\Users\╨┐╨║\Documents\GitHub\myengine\engine\src\ecs\systems\PhysicsSystem.cpp,748,10786835066,6920104,2,
Physics::Step,C:\Users\╨┐╨║\Documents\GitHub\myengine\engine\src\ecs\systems\PhysicsSystem.cpp,748,10806044707,6255368,2,
Physics::Step,C:\Users\╨┐╨║\Documents\GitHub\myengine\engine\src\ecs\systems\PhysicsSystem.cpp,748,10824566497,6615374,2,
Physics::Step,C:\Users\╨┐╨║\Documents\GitHub\myengine\engine\src\ecs\systems\PhysicsSystem.cpp,748,10843713198,6275467,2,
Physics::Step,C:\Users\╨┐╨║\Documents\GitHub\myengine\engine\src\ecs\systems\PhysicsSystem.cpp,748,10863133209,6650731,2,
Physics::Step,C:\Users\╨┐╨║\Documents\GitHub\myengine\engine\src\ecs\systems\PhysicsSystem.cpp,748,10869784071,6511556,2,
Physics::Step,C:\Users\╨┐╨║\Documents\GitHub\myengine\engine\src\ecs\systems\PhysicsSystem.cpp,748,10888062869,6395155,2,
Physics::Step,C:\Users\╨┐╨║\Documents\GitHub\myengine\engine\src\ecs\systems\PhysicsSystem.cpp,748,10906099507,6557654,2,
Physics::Step,C:\Users\╨┐╨║\Documents\GitHub\myengine\engine\src\ecs\systems\PhysicsSystem.cpp,748,10924845895,6364316,2,
Physics::Step,C:\Users\╨┐╨║\Documents\GitHub\myengine\engine\src\ecs\systems\PhysicsSystem.cpp,748,10943584008,6662815,2,
Physics::Step,C:\Users\╨┐╨║\Documents\GitHub\myengine\engine\src\ecs\systems\PhysicsSystem.cpp,748,10962516231,6698723,2,
Physics::Step,C:\Users\╨┐╨║\Documents\GitHub\myengine\engine\src\ecs\systems\PhysicsSystem.cpp,748,10969214974,6357523,2,
Physics::Step,C:\Users\╨┐╨║\Documents\GitHub\myengine\engine\src\ecs\systems\PhysicsSystem.cpp,748,10987495916,6154467,2,
Physics::Step,C:\Users\╨┐╨║\Documents\GitHub\myengine\engine\src\ecs\systems\PhysicsSystem.cpp,748,11005387067,6803692,2,
Physics::Step,C:\Users\╨┐╨║\Documents\GitHub\myengine\engine\src\ecs\systems\PhysicsSystem.cpp,748,11024437234,6411506,2,
Physics::Step,C:\Users\╨┐╨║\Documents\GitHub\myengine\engine\src\ecs\systems\PhysicsSystem.cpp,748,11043722059,8660908,2,
Physics::Step,C:\Users\╨┐╨║\Documents\GitHub\myengine\engine\src\ecs\systems\PhysicsSystem.cpp,748,11064909695,6588172,2,
Physics::Step,C:\Users\╨┐╨║\Documents\GitHub\myengine\engine\src\ecs\systems\PhysicsSystem.cpp,748,11071497887,7674050,2,
Physics::Step,C:\Users\╨┐╨║\Documents\GitHub\myengine\engine\src\ecs\systems\PhysicsSystem.cpp,748,11091189696,6170046,2,
Physics::Step,C:\Users\╨┐╨║\Documents\GitHub\myengine\engine\src\ecs\systems\PhysicsSystem.cpp,748,11111299550,6192249,2,
Physics::Step,C:\Users\╨┐╨║\Documents\GitHub\myengine\engine\src\ecs\systems\PhysicsSystem.cpp,748,11117491819,7452387,2,
Physics::Step,C:\Users\╨┐╨║\Documents\GitHub\myengine\engine\src\ecs\systems\PhysicsSystem.cpp,748,11139533972,6719352,2,
Physics::Step,C:\Users\╨┐╨║\Documents\GitHub\myengine\engine\src\ecs\systems\PhysicsSystem.cpp,748,11159794538,6617688,2,
Physics::Step,C:\Users\╨┐╨║\Documents\GitHub\myengine\engine\src\ecs\systems\PhysicsSystem.cpp,748,11178878508,6685979,2,
Physics::Step,C:\Users\╨┐╨║\Documents\GitHub\myengine\engine\src\ecs\systems\PhysicsSystem.cpp,748,11185564587,6915736,2,
Physics::Step,C:\Users\╨┐╨║\Documents\GitHub\myengine\engine\src\ecs\systems\PhysicsSystem.cpp,748,11204434901,6102238,2,
Physics::Step,C:\Users\╨┐╨║\Documents\GitHub\myengine\engine\src\ecs\systems\PhysicsSystem.cpp,748,11222804974,6375818,2,
Physics::Step,C:\Users\╨┐╨║\Documents\GitHub\myengine\engine\src\ecs\systems\PhysicsSystem.cpp,748,11240875175,6394233,2,
Physics::Step,C:\Users\╨┐╨║\Documents\GitHub\myengine\engine\src\ecs\systems\PhysicsSystem.cpp,748,11260855695,6632677,2,
Physics::Step,C:\Users\╨┐╨║\Documents\GitHub\myengine\engine\src\ecs\systems\PhysicsSystem.cpp,748,11267488392,7133831,2,
Physics::Step,C:\Users\╨┐╨║\Documents\GitHub\myengine\engine\src\ecs\systems\PhysicsSystem.cpp,748,11286101046,6696639,2,
Physics::Step,C:\Users\╨┐╨║\Documents\GitHub\myengine\engine\src\ecs\systems\PhysicsSystem.cpp,748,11307367272,8519619,2,
Physics::Step,C:\Users\╨┐╨║\Documents\GitHub\myengine\engine\src\ecs\systems\PhysicsSystem.cpp,748,11328386296,6350239,2,
Physics::Step,C:\Users\╨┐╨║\Documents\GitHub\myengine\engine\src\ecs\systems\PhysicsSystem.cpp,748,11334736625,6898704,2,
Physics::Step,C:\Users\╨┐╨║\Documents\GitHub\myengine\engine\src\ecs\systems\PhysicsSystem.cpp,748,11353315141,6494835,2,
Physics::Step,C:\Users\╨┐╨║\Documents\GitHub\myengine\engine\src\ecs\systems\PhysicsSystem.cpp,748,11371701413,7512983,2,
Physics::Step,C:\Users\╨┐╨║\Documents\GitHub\myengine\engine\src\ecs\systems\PhysicsSystem.cpp,748,11390928026,6411767,2,
Physics::Step,C:\Users\╨┐╨║\Documents\GitHub\myengine\engine\src\ecs\systems\PhysicsSystem.cpp,748,11410102951,6456161,2,
Physics::Step,C:\Users\╨┐╨║\Documents\GitHub\myengine\engine\src\ecs\systems\PhysicsSystem.cpp,748,11428546523,6260378,2,
Physics::Step,C:\Users\╨┐╨║\Documents\GitHub\myengine\engine\src\ecs\systems\PhysicsSystem.cpp,748,11434806941,6616306,2,
Physics::Step,C:\Users\╨┐╨║\Documents\GitHub\myengine\engine\src\ecs\systems\PhysicsSystem.cpp,748,11453106664,6256000,2,
Physics::Step,C:\Users\╨┐╨║\Documents\GitHub\myengine\engine\src\ecs\systems\PhysicsSystem.cpp,748,11471354505,7185189,2,
Physics::Step,C:\Users\╨┐╨║\Documents\GitHub\myengine\engine\src\ecs\systems\PhysicsSystem.cpp,748,11491835336,6212236,2,
Physics::Step,C:\Users\╨┐╨║\Documents\GitHub\myengine\engine\src\ecs\systems\PhysicsSystem.cpp,748,11510828383,6198190,2,
Physics::Step,C:\Users\╨┐╨║\Documents\GitHub\myengine\engine\src\ecs\systems\PhysicsSystem.cpp,748,11517026613,7180389,2,
Physics::Step,C:\Users\╨┐╨║\Documents\GitHub\myengine\engine\src\ecs\systems\PhysicsSystem.cpp,748,11535558573,6446112,2,
Physics::Step,C:\Users\╨┐╨║\Documents\GitHub\myengine\engine\src\ecs\systems\PhysicsSystem.cpp,748,11553835328,6332425,2,
Physics::Step,C:\Users\╨┐╨║\Documents\GitHub\myengine\engine\src\ecs\systems\PhysicsSystem.cpp,748,11571911180,6453666,2,
Physics::Step,C:\Users\╨┐╨║\Documents\GitHub\myengine\engine\src\ecs\systems\PhysicsSystem.cpp,748,11591424851,6344238,2,
Physics::Step,C:\Users\╨┐╨║\Documents\GitHub\myengine\engine\src\ecs\systems\PhysicsSystem.cpp,748,11616169208,7697605,2,
Physics::Step,C:\Users\╨┐╨║\Documents\GitHub\myengine\engine\src\ecs\systems\PhysicsSystem.cpp,748,11623867213,6456913,2,
Physics::Step,C:\Users\╨┐╨║\Documents\GitHub\myengine\engine\src\ecs\systems\PhysicsSystem.cpp,748,11641691316,6110303,2,
Physics::Step,C:\Users\╨┐╨║\Documents\GitHub\myengine\engine\src\ecs\systems\PhysicsSystem.cpp,748,11659930690,6304191,2,
Physics::Step,C:\Users\╨┐╨║\Documents\GitHub\myengine\engine\src\ecs\systems\PhysicsSystem.cpp,748,11678213466,6520874,2,
Physics::Step,C:\Users\╨┐╨║\Documents\GitHub\myengine\engine\src\ecs\systems\PhysicsSystem.cpp,748,11684734360,6360208,2,
Physics::Step,C:\Users\╨┐╨║\Documents\GitHub\myengine\engine\src\ecs\systems\PhysicsSystem.cpp,748,11703680880,8984679,2,
Physics::Step,C:\Users\╨┐╨║\Documents\GitHub\myengine\engine\src\ecs\systems\PhysicsSystem.cpp,748,11724513845,7325967,2,
Physics::Step,C:\Users\╨┐╨║\Documents\GitHub\myengine\engine\src\ecs\systems\PhysicsSystem.cpp,748,11744833509,6333728,2,
Physics::Step,C:\Users\╨┐╨║\Documents\GitHub\myengine\engine\src\ecs\systems\PhysicsSystem.cpp,748,11751167267,6871652,2,
Physics::Step,C:\Users\╨┐╨║\Documents\GitHub\myengine\engine\src\ecs\systems\PhysicsSystem.cpp,748,11769850345,6402890,2,
Physics::Step,C:\Users\╨┐╨║\Documents\GitHub\myengine\engine\src\ecs\systems\PhysicsSystem.cpp,748,11787859180,6381869,2,
Physics::Step,C:\Users\╨┐╨║\Documents\GitHub\myengine\engine\src\ecs\systems\PhysicsSystem.cpp,748,11806638611,6621186,2,
Physics::Step,C:\Users\╨┐╨║\Documents\GitHub\myengine\engine\src\ecs\systems\PhysicsSystem.cpp,748,11825718585,6467222,2,
Physics::Step,C:\Users\╨┐╨║\Documents\GitHub\myengine\engine\src\ecs\systems\PhysicsSystem.cpp,748,11844634397,6332545,2,
Physics::Step,C:\Users\╨┐╨║\Documents\GitHub\myengine\engine\src\ecs\systems\PhysicsSystem.cpp,748,11850966962,6701007,2,
Physics::Step,C:\Users\╨┐╨║\Documents\GitHub\myengine\engine\src\ecs\systems\PhysicsSystem.cpp,748,11869709454,6396657,2,
Physics::Step,C:\Users\╨┐╨║\Documents\GitHub\myengine\engine\src\ecs\systems\PhysicsSystem.cpp,748,11887928809,6446583,2,
Physics::Step,C:\Users\╨┐╨║\Documents\GitHub\myengine\engine\src\ecs\systems\PhysicsSystem.cpp,748,11906368664,6559698,2,
Physics::Step,C:\Users\╨┐╨║\Documents\GitHub\myengine\engine\src\ecs\systems\PhysicsSystem.cpp,748,11925035401,6944751,2,
Physics::Step,C:\Users\╨┐╨║\Documents\GitHub\myengine\engine\src\ecs\systems\PhysicsSystem.cpp,748,11944058106,6641143,2,
Physics::Step,C:\Users\╨┐╨║\Documents\GitHub\myengine\engine\src\ecs\systems\PhysicsSystem.cpp,748,11950699259,6613350,2,
Physics::Step,C:\Users\╨┐╨║\Documents\GitHub\myengine\engine\src\ecs\systems\PhysicsSystem.cpp,748,11969656940,6211866,2,
Physics::Step,C:\Users\╨┐╨║\Documents\GitHub\myengine\engine\src\ecs\systems\PhysicsSystem.cpp,748,11988203083,6458826,2,
Physics::Step,C:\Users\╨┐╨║\Documents\GitHub\myengine\engine\src\ecs\systems\PhysicsSystem.cpp,748,12006403501,6774618,2,
Physics::Step,C:\Users\╨┐╨║\Documents\GitHub\myengine\engine\src\ecs\systems\PhysicsSystem.cpp,748,12025413677,7949996,2,
Physics::Step,C:\Users\╨┐╨║\Documents\GitHub\myengine\engine\src\ecs\systems\PhysicsSystem.cpp,748,12045125675,6344408,2,
Physics::Step,C:\Users\╨┐╨║\Documents\GitHub\myengine\engine\src\ecs\systems\PhysicsSystem.cpp,748,12051470223,7318944,2,
Physics::Step,C:\Users\╨┐╨║\Documents\GitHub\myengine\engine\src\ecs\systems\PhysicsSystem.cpp,748,12070363231,6710666,2,
Physics::Step,C:\Users\╨┐╨║\Documents\GitHub\myengine\engine\src\ecs\systems\PhysicsSystem.cpp,748,12089239482,6147934,2,
Physics::Step,C:\Users\╨┐╨║\Documents\GitHub\myengine\engine\src\ecs\systems\PhysicsSystem.cpp,748,12107593779,6633890,2,
Physics::Step,C:\Users\╨┐╨║\Documents\GitHub\myengine\engine\src\ecs\systems\PhysicsSystem.cpp,748,12128276474,7929086,2,
Physics::Step,C:\Users\╨┐╨║\Documents\GitHub\myengine\engine\src\ecs\systems\PhysicsSystem.cpp,748,12136205560,6416896,2,
Physics::Step,C:\Users\╨┐╨║\Documents\GitHub\myengine\engine\src\ecs\systems\PhysicsSystem.cpp,748,12154694568,6645221,2,
Physics::Step,C:\Users\╨┐╨║\Documents\GitHub\myengine\engine\src\ecs\systems\PhysicsSystem.cpp,748,12173573960,6636404,2,
Physics::Step,C:\Users\╨┐╨║\Documents\GitHub\myengine\engine\src\ecs\systems\PhysicsSystem.cpp,748,12191806741,8590705,2,
Physics::Step,C:\Users\╨┐╨║\Documents\GitHub\myengine\engine\src\ecs\systems\PhysicsSystem.cpp,748,12212286470,6836876,2,
Physics::Step,C:\Users\╨┐╨║\Documents\GitHub\myengine\engine\src\ecs\systems\PhysicsSystem.cpp,748,12219123396,6494454,2,
Physics::Step,C:\Users\╨┐╨║\Documents\GitHub\myengine\engine\src\ecs\systems\PhysicsSystem.cpp,748,12237622609,7372085,2,
Physics::Step,C:\Users\╨┐╨║\Documents\GitHub\myengine\engine\src\ecs\systems\PhysicsSystem.cpp,748,12256707111,7210797,2,
Physics::Step,C:\Users\╨┐╨║\Documents\GitHub\myengine\engine\src\ecs\systems\PhysicsSystem.cpp,748,12275662223,7634695,2,
Physics::Step,C:\Users\╨┐╨║\Documents\GitHub\myengine\engine\src\ecs\systems\PhysicsSystem.cpp,748,12294984178,6795366,2,
Physics::Step,C:\Users\╨┐╨║\Documents\GitHub\myengine\engine\src\ecs\systems\PhysicsSystem.cpp,748,12301779615,6137754,2,
Physics::Step,C:\Users\╨┐╨║\Documents\GitHub\myengine\engine\src\ecs\systems\PhysicsSystem.cpp,748,12319285561,6859218,2,
Physics::Step,C:\Users\╨┐╨║\Documents\GitHub\myengine\engine\src\ecs\systems\PhysicsSystem.cpp,748,12338734026,6889356,2,
Physics::Step,C:\Users\╨┐╨║\Documents\GitHub\myengine\engine\src\ecs\systems\PhysicsSystem.cpp,748,12357655238,7275040,2,
Physics::Step,C:\Users\╨┐╨║\Documents\GitHub\myengine\engine\src\ecs\systems\PhysicsSystem.cpp,748,12376447614,7007320,2,
Physics::Step,C:\Users\╨┐╨║\Documents\GitHub\myengine\engine\src\ecs\systems\PhysicsSystem.cpp,748,12395260690,7018832,2,
Physics::Step,C:\Users\╨┐╨║\Documents\GitHub\myengine\engine\src\ecs\systems\PhysicsSystem.cpp,748,12402279612,5967370,2,
Physics::Step,C:\Users\╨┐╨║\Documents\GitHub\myengine\engine\src\ecs\systems\PhysicsSystem.cpp,748,12419887243,7163658,2,
Physics::Step,C:\Users\╨┐╨║\Documents\GitHub\myengine\engine\src\ecs\systems\PhysicsSystem.cpp,748,12439117272,6988154,2,
Physics::Step,C:\Users\╨┐╨║\Documents\GitHub\myengine\engine\src\ecs\systems\PhysicsSystem.cpp,748,12457574140,7009244,2,
Physics::Step,C:\Users\╨┐╨║\Documents\GitHub\myengine\engine\src\ecs\systems\PhysicsSystem.cpp,748,12476289150,7395749,2,
Physics::Step,C:\Users\╨┐╨║\Documents\GitHub\myengine\engine\src\ecs\systems\PhysicsSystem.cpp,748,12495889664,7140243,2,
Physics::Step,C:\Users\╨┐╨║\Documents\GitHub\myengine\engine\src\ecs\systems\PhysicsSystem.cpp,748,12503029967,7067826,2,
Physics::Step,C:\Users\╨┐╨║\Documents\GitHub\myengine\engine\src\ecs\systems\PhysicsSystem.cpp,748,12522213959,6949089,2,
Physics::Step,C:\Users\╨┐╨║\Documents\GitHub\myengine\engine\src\ecs\systems\PhysicsSystem.cpp,748,12540869925,6749911,2,
Physics::Step,C:\Users\╨┐╨║\Documents\GitHub\myengine\engine\src\ecs\systems\PhysicsSystem.cpp,748,12559395614,6666602,2,
Physics::Step,C:\Users\╨┐╨║\Documents\GitHub\myengine\engine\src\ecs\systems\PhysicsSystem.cpp,748,12578317597,8297476,2,
Physics::Step,C:\Users\╨┐╨║\Documents\GitHub\myengine\engine\src\ecs\systems\PhysicsSystem.cpp,748,12586615184,6251741,2,
Physics::Step,C:\Users\╨┐╨║\Documents\GitHub\myengine\engine\src\ecs\systems\PhysicsSystem.cpp,748,12604481307,6565980,2,
Physics::Step,C:\Users\╨┐╨║\Documents\GitHub\myengine\engine\src\ecs\systems\PhysicsSystem.cpp,748,12622722123,7251515,2,
Physics::Step,C:\Users\╨┐╨║\Documents\GitHub\myengine\engine\src\ecs\systems\PhysicsSystem.cpp,748,12643104646,7249422,2,
Physics::Step,C:\Users\╨┐╨║\Documents\GitHub\myengine\engine\src\ecs\systems\PhysicsSystem.cpp,748,12662098085,6738449,2,
Physics::Step,C:\Users\╨┐╨║\Documents\GitHub\myengine\engine\src\ecs\systems\PhysicsSystem.cpp,748,12668836714,6070397,2,
Physics::Step,C:\Users\╨┐╨║\Documents\GitHub\myengine\engine\src\ecs\systems\PhysicsSystem.cpp,748,12687471881,7104535,2,
Physics::Step,C:\Users\╨┐╨║\Documents\GitHub\myengine\engine\src\ecs\systems\PhysicsSystem.cpp,748,12705941423,6917409,2,
Physics::Step,C:\Users\╨┐╨║\Documents\GitHub\myengine\engine\src\ecs\systems\PhysicsSystem.cpp,748,12724926185,7462167,2,
Physics::Step,C:\Users\╨┐╨║\Documents\GitHub\myengine\engine\src\ecs\systems\PhysicsSystem.cpp,748,12745130459,6828540,2,
Physics::Step,C:\Users\╨┐╨║\Documents\GitHub\myengine\engine\src\ecs\systems\PhysicsSystem.cpp,748,12751959100,6274705,2,
Physics::Step,C:\Users\╨┐╨║\Documents\GitHub\myengine\engine\src\ecs\systems\PhysicsSystem.cpp,748,12769755961,6828880,2,
Physics::Step,C:\Users\╨┐╨║\Documents\GitHub\myengine\engine\src\ecs\systems\PhysicsSystem.cpp,748,12788392630,7136086,2,
Physics::Step,C:\Users\╨┐╨║\Documents\GitHub\myengine\engine\src\ecs\systems\PhysicsSystem.cpp,748,12807237757,7172946,2,
Physics::Step,C:\Users\╨┐╨║\Documents\GitHub\myengine\engine\src\ecs\systems\PhysicsSystem.cpp,748,12826376187,7095438,2,
Physics::Step,C:\Users\╨┐╨║\Documents\GitHub\myengine\engine\src\ecs\systems\PhysicsSystem.cpp,748,12844974715,6823290,2,
Physics::Step,C:\Users\╨┐╨║\Documents\GitHub\myengine\engine\src\ecs\systems\PhysicsSystem.cpp,748,12851798366,6210353,2,
Physics::Step,C:\Users\╨┐╨║\Documents\GitHub\myengine\engine\src\ecs\systems\PhysicsSystem.cpp,748,12869516918,6729701,2,
Physics::Step,C:\Users\╨┐╨║\Documents\GitHub\myengine\engine\src\ecs\systems\PhysicsSystem.cpp,748,12887749598,6910727,2,
Physics::Step,C:\Users\╨┐╨║\Documents\GitHub\myengine\engine\src\ecs\systems\PhysicsSystem.cpp,748,12906489113,7378407,2,
Physics::Step,C:\Users\╨┐╨║\Documents\GitHub\myengine\engine\src\ecs\systems\PhysicsSystem.cpp,748,12925219180,7334614,2,
Physics::Step,C:\Users\╨┐╨║\Documents\GitHub\myengine\engine\src\ecs\systems\PhysicsSystem.cpp,748,12944492583,6716496,2,
Physics::Step,C:\Users\╨┐╨║\Documents\GitHub\myengine\engine\src\ecs\systems\PhysicsSystem.cpp,748,12951209239,6045610,2,
Physics::Step,C:\Users\╨┐╨║\Documents\GitHub\myengine\engine\src\ecs\systems\PhysicsSystem.cpp,748,12968842729,6754479,2,
Physics::Step,C:\Users\╨┐╨║\Documents\GitHub\myengine\engine\src\ecs\systems\PhysicsSystem.cpp,748,12986782684,6997682,2,
Physics::Step,C:\Users\╨┐╨║\Documents\GitHub\myengine\engine\src\ecs\systems\PhysicsSystem.cpp,748,13005498535,6847235,2,
Physics::Step,C:\Users\╨┐╨║\Documents\GitHub\myengine\engine\src\ecs\systems\PhysicsSystem.cpp,748,13023897441,6936415,2,
Physics::Step,C:\Users\╨┐╨║\Documents\GitHub\myengine\engine\src\ecs\systems\PhysicsSystem.cpp,748,13042855924,6960932,2,
Physics::Step,C:\Users\╨┐╨║\Documents\GitHub\myengine\engine\src\ecs\systems\PhysicsSystem.cpp,748,13061409196,6915585,2,
Physics::Step,C:\Users\╨┐╨║\Documents\GitHub\myengine\engine\src\ecs\systems\PhysicsSystem.cpp,748,13068324921,6169576,2,
Physics::Step,C:\Users\╨┐╨║\Documents\GitHub\myengine\engine\src\ecs\systems\PhysicsSystem.cpp,748,13085887797,6655781,2,
Physics::Step,C:\Users\╨┐╨║\Documents\GitHub\myengine\engine\src\ecs\systems\PhysicsSystem.cpp,748,13104016901,6546773,2,
Physics::Step,C:\Users\╨┐╨║\Documents\GitHub\myengine\engine\src\ecs\systems\PhysicsSystem.cpp,748,13122431867,7360262,2,
Physics::Step,C:\Users\╨┐╨║\Documents\GitHub\myengine\engine\src\ecs\systems\PhysicsSystem.cpp,748,13141762093,7178256,2,
Physics::Step,C:\Users\╨┐╨║\Documents\GitHub\myengine\engine\src\ecs\systems\PhysicsSystem.cpp,748,13162663244,6905266,2,
Physics::Step,C:\Users\╨┐╨║\Documents\GitHub\myengine\engine\src\ecs\systems\PhysicsSystem.cpp,748,13169568530,6246822,2,
Physics::Step,C:\Users\╨┐╨║\Documents\GitHub\myengine\engine\src\ecs\systems\PhysicsSystem.cpp,748,13187493355,7294487,2,
Physics::Step,C:\Users\╨┐╨║\Documents\GitHub\myengine\engine\src\ecs\systems\PhysicsSystem.cpp,748,13206609492,6915916,2,
Physics::Step,C:\Users\╨┐╨║\Documents\GitHub\myengine\engine\src\ecs\systems\PhysicsSystem.cpp,748,13224764726,7558199,2,
Physics::Step,C:\Users\╨┐╨║\Documents\GitHub\myengine\engine\src\ecs\systems\PhysicsSystem.cpp,748,13244498407,9068476,2,
Physics::Step,C:\Users\╨┐╨║\Documents\GitHub\myengine\engine\src\ecs\systems\PhysicsSystem.cpp,748,13253567073,7760134,2,
Physics::Step,C:\Users\╨┐╨║\Documents\GitHub\myengine\engine\src\ecs\systems\PhysicsSystem.cpp,748,13272732931,7116458,2,
Physics::Step,C:\Users\╨┐╨║\Documents\GitHub\myengine\engine\src\ecs\systems\PhysicsSystem.cpp,748,13291199106,6981862,2,
Physics::Step,C:\Users\╨┐╨║\Documents\GitHub\myengine\engine\src\ecs\systems\PhysicsSystem.cpp,748,13309691872,6618049,2,
Physics::Step,C:\Users\╨┐╨║\Documents\GitHub\myengine\engine\src\ecs\systems\PhysicsSystem.cpp,748,13327765450,6992892,2,
Physics::Step,C:\Users\╨┐╨║\Documents\GitHub\myengine\engine\src\ecs\systems\PhysicsSystem.cpp,748,13334758483,6944781,2,
Physics::Step,C:\Users\╨┐╨║\Documents\GitHub\myengine\engine\src\ecs\systems\PhysicsSystem.cpp,748,13354311066,6860832,2,
Physics::Step,C:\Users\╨┐╨║\Documents\GitHub\myengine\engine\src\ecs\systems\PhysicsSystem.cpp,748,13373734508,6518670,2,
Physics::Step,C:\Users\╨┐╨║\Documents\GitHub\myengine\engine\src\ecs\systems\PhysicsSystem.cpp,748,13392089363,6700346,2,
Physics::Step,C:\Users\╨┐╨║\Documents\GitHub\myengine\engine\src\ecs\systems\PhysicsSystem.cpp,748,13410504972,6536614,2,
Physics::Step,C:\Users\╨┐╨║\Documents\GitHub\myengine\engine\src\ecs\systems\PhysicsSystem.cpp,748,13428255413,7176032,2,
Physics::Step,C:\Users\╨┐╨║\Documents\GitHub\myengine\engine\src\ecs\systems\PhysicsSystem.cpp,748,13435431485,6033136,2,
Physics::Step,C:\Users\╨┐╨║\Documents\GitHub\myengine\engine\src\ecs\systems\PhysicsSystem.cpp,748,13453860170,6662664,2,
Physics::Step,C:\Users\╨┐╨║\Documents\GitHub\myengine\engine\src\ecs\systems\PhysicsSystem.cpp,748,13472590001,7066418,2,
Physics::Step,C:\Users\╨┐╨║\Documents\GitHub\myengine\engine\src\ecs\systems\PhysicsSystem.cpp,748,13490924961,7037809,2,
Physics::Step,C:\Users\╨┐╨║\Documents\GitHub\myengine\engine\src\ecs\systems\PhysicsSystem.cpp,748,13510145048,7518493,2,
Physics::Step,C:\Users\╨┐╨║\Documents\GitHub\myengine\engine\src\ecs\systems\PhysicsSystem.cpp,748,13530497163,7201972,2,
Physics::Step,C:\Users\╨┐╨║\Documents\GitHub\myengine\engine\src\ecs\systems\PhysicsSystem.cpp,748,13537699165,6555029,2,
Physics::Step,C:\Users\╨┐╨║\Documents\GitHub\myengine\engine\src\ecs\systems\PhysicsSystem.cpp,748,13555986590,6675959,2,
Physics::Step,C:\Users\╨┐╨║\Documents\GitHub\myengine\engine\src\ecs\systems\PhysicsSystem.cpp,748,13574259447,7873009,2,
Physics::Step,C:\Users\╨┐╨║\Documents\GitHub\myengine\engine\src\ecs\systems\PhysicsSystem.cpp,748,13594142098,6483734,2,
Physics::Step,C:\Users\╨┐╨║\Documents\GitHub\myengine\engine\src\ecs\systems\PhysicsSystem.cpp,748,13600626132,6584155,2,
Physics::Step,C:\Users\╨┐╨║\Documents\GitHub\myengine\engine\src\ecs\systems\PhysicsSystem.cpp,748,13618768010,6790097,2,
Physics::Step,C:\Users\╨┐╨║\Documents\GitHub\myengine\engine\src\ecs\systems\PhysicsSystem.cpp,748,13637318255,6686580,2,
Physics::Step,C:\Users\╨┐╨║\Documents\GitHub\myengine\engine\src\ecs\systems\PhysicsSystem.cpp,748,13655821617,6874858,2,
Physics::Step,C:\Users\╨┐╨║\Documents\GitHub\myengine\engine\src\ecs\systems\PhysicsSystem.cpp,748,13675925419,7508534,2,
Physics::Step,C:\Users\╨┐╨║\Documents\GitHub\myengine\engine\src\ecs\systems\PhysicsSystem.cpp,748,13694694360,6957656,2,
Physics::Step,C:\Users\╨┐╨║\Documents\GitHub\myengine\engine\src\ecs\systems\PhysicsSystem.cpp,748,13701652036,5950018,2,
Physics::Step,C:\Users\╨┐╨║\Documents\GitHub\myengine\engine\src\ecs\systems\PhysicsSystem.cpp,748,13719249257,6490577,2,
Physics::Step,C:\Users\╨┐╨║\Documents\GitHub\myengine\engine\src\ecs\systems\PhysicsSystem.cpp,748,13738527624,7882201,2,
Physics::Step,C:\Users\╨┐╨║\Documents\GitHub\myengine\engine\src\ecs\systems\PhysicsSystem.cpp,748,13757609107,7006839,2,
Physics::Step,C:\Users\╨┐╨║\Documents\GitHub\myengine\engine\src\ecs\systems\PhysicsSystem.cpp,748,13776385923,6595146,2,
Physics::Step,C:\Users\╨┐╨║\Documents\GitHub\myengine\engine\src\ecs\systems\PhysicsSystem.cpp,748,13794560944,7236677,2,
Physics::Step,C:\Users\╨┐╨║\Documents\GitHub\myengine\engine\src\ecs\systems\PhysicsSystem.cpp,748,13801797761,6231143,2,
Physics::Step,C:\Users\╨┐╨║\Documents\GitHub\myengine\engine\src\ecs\systems\PhysicsSystem.cpp,748,13819360076,6643588,2,
Physics::Step,C:\Users\╨┐╨║\Documents\GitHub\myengine\engine\src\ecs\systems\PhysicsSystem.cpp,748,13837421159,6878264,2,
Physics::Step,C:\Users\╨┐╨║\Documents\GitHub\myengine\engine\src\ecs\systems\PhysicsSystem.cpp,748,13856240587,6840562,2,
Physics::Step,C:\Users\╨┐╨║\Documents\GitHub\myengine\engine\src\ecs\systems\PhysicsSystem.cpp,748,13874818735,6902310,2,
Physics::Step,C:\Users\╨┐╨║\Documents\GitHub\myengine\engine\src\ecs\systems\PhysicsSystem.cpp,748,13894178932,7365763,2,
Physics::Step,C:\Users\╨┐╨║\Documents\GitHub\myengine\engine\src\ecs\systems\PhysicsSystem.cpp,748,13901544715,5907987,2,
Physics::Step,C:\Users\╨┐╨║\Documents\GitHub\myengine\engine\src\ecs\systems\PhysicsSystem.cpp,748,13919232979,7368819,2,
Physics::Step,C:\Users\╨┐╨║\Documents\GitHub\myengine\engine\src\ecs\systems\PhysicsSystem.cpp,748,13938042129,6230501,2,
Physics::Step,C:\Users\╨┐╨║\Documents\GitHub\myengine\engine\src\ecs\systems\PhysicsSystem.cpp,748,13956722892,6286038,2,
Physics::Step,C:\Users\╨┐╨║\Documents\GitHub\myengine\engine\src\ecs\systems\PhysicsSystem.cpp,748,13975131428,6268384,2,
Physics::Step,C:\Users\╨┐╨║\Documents\GitHub\myengine\engine\src\ecs\systems\PhysicsSystem.cpp,748,13993093233,6981161,2,
Physics::Step,C:\Users\╨┐╨║\Documents\GitHub\myengine\engine\src\ecs\systems\PhysicsSystem.cpp,748,14012680732,6190836,2,
Physics::Step,C:\Users\╨┐╨║\Documents\GitHub\myengine\engine\src\ecs\systems\PhysicsSystem.cpp,748,14018871588,6987502,2,
Physics::Step,C:\Users\╨┐╨║\Documents\GitHub\myengine\engine\src\ecs\systems\PhysicsSystem.cpp,748,14037433816,6384875,2,
Physics::Step,C:\Users\╨┐╨║\Documents\GitHub\myengine\engine\src\ecs\systems\PhysicsSystem.cpp,748,14055704148,6303340,2,
Physics::Step,C:\Users\╨┐╨║\Documents\GitHub\myengine\engine\src\ecs\systems\PhysicsSystem.cpp,748,14074505693,6153435,2,
Physics::Step,C:\Users\╨┐╨║\Documents\GitHub\myengine\engine\src\ecs\systems\PhysicsSystem.cpp,748,14092792948,6230411,2,
Physics::Step,C:\Users\╨┐╨║\Documents\GitHub\myengine\engine\src\ecs\systems\PhysicsSystem.cpp,748,14111301463,6527316,2,
Physics::Step,C:\Users\╨┐╨║\Documents\GitHub\myengine\engine\src\ecs\systems\PhysicsSystem.cpp,748,14117828799,6834762,2,
Physics::Step,C:\Users\╨┐╨║\Documents\GitHub\myengine\engine\src\ecs\systems\PhysicsSystem.cpp,748,14136898563,6629722,2,
Physics::Step,C:\Users\╨┐╨║\Documents\GitHub\myengine\engine\src\ecs\systems\PhysicsSystem.cpp,748,14155366231,7434574,2,
Physics::Step,C:\Users\╨┐╨║\Documents\GitHub\myengine\engine\src\ecs\systems\PhysicsSystem.cpp,748,14176028598,6369035,2,
Physics::Step,C:\Users\╨┐╨║\Documents\GitHub\myengine\engine\src\ecs\systems\PhysicsSystem.cpp,748,14194599780,7295899,2,
Physics::Step,C:\Users\╨┐╨║\Documents\GitHub\myengine\engine\src\ecs\systems\PhysicsSystem.cpp,748,14201895759,6301327,2,
Physics::Step,C:\Users\╨┐╨║\Documents\GitHub\myengine\engine\src\ecs\systems\PhysicsSystem.cpp,748,14220990631,7786473,2,
Physics::Step,C:\Users\╨┐╨║\Documents\GitHub\myengine\engine\src\ecs\systems\PhysicsSystem.cpp,748,14240518247,7644503,2,
Physics::Step,C:\Users\╨┐╨║\Documents\GitHub\myengine\engine\src\ecs\systems\PhysicsSystem.cpp,748,14260311759,7095368,2,
Physics::Step,C:\Users\╨┐╨║\Documents\GitHub\myengine\engine\src\ecs\systems\PhysicsSystem.cpp,748,14279110918,6628669,2,
Physics::Step,C:\Users\╨┐╨║\Documents\GitHub\myengine\engine\src\ecs\systems\PhysicsSystem.cpp,748,14285739607,6309673,2,
Physics::Step,C:\Users\╨┐╨║\Documents\GitHub\myengine\engine\src\ecs\systems\PhysicsSystem.cpp,748,14303435055,6618971,2,
Physics::Step,C:\Users\╨┐╨║\Documents\GitHub\myengine\engine\src\ecs\systems\PhysicsSystem.cpp,748,14321792574,7088555,2,
Physics::Step,C:\Users\╨┐╨║\Documents\GitHub\myengine\engine\src\ecs\systems\PhysicsSystem.cpp,748,14340521359,6594474,2,
Physics::Step,C:\Users\╨┐╨║\Documents\GitHub\myengine\engine\src\ecs\systems\PhysicsSystem.cpp,748,14360256179,6374145,2,
Physics::Step,C:\Users\╨┐╨║\Documents\GitHub\myengine\engine\src\ecs\systems\PhysicsSystem.cpp,748,14378991968,6458916,2,
Physics::Step,C:\Users\╨┐╨║\Documents\GitHub\myengine\engine\src\ecs\systems\PhysicsSystem.cpp,748,14385450904,6554428,2,
Physics::Step,C:\Users\╨┐╨║\Documents\GitHub\myengine\engine\src\ecs\systems\PhysicsSystem.cpp,748,14403579797,6154447,2,
Physics::Step,C:\Users\╨┐╨║\Documents\GitHub\myengine\engine\src\ecs\systems\PhysicsSystem.cpp,748,14422055541,6619251,2,
Physics::Step,C:\Users\╨┐╨║\Documents\GitHub\myengine\engine\src\ecs\systems\PhysicsSystem.cpp,748,14440938369,6387411,2,
Physics::Step,C:\Users\╨┐╨║\Documents\GitHub\myengine\engine\src\ecs\systems\PhysicsSystem.cpp,748,14460486394,6415454,2,
Physics::Step,C:\Users\╨┐╨║\Documents\GitHub\myengine\engine\src\ecs\systems\PhysicsSystem.cpp,748,14478844103,6131323,2,
Physics::Step,C:\Users\╨┐╨║\Documents\GitHub\myengine\engine\src\ecs\systems\PhysicsSystem.cpp,748,14484975446,6549949,2,
Physics::Step,C:\Users\╨┐╨║\Documents\GitHub\myengine\engine\src\ecs\systems\PhysicsSystem.cpp,748,14503071687,6267491,2,
Physics::Step,C:\Users\╨┐╨║\Documents\GitHub\myengine\engine\src\ecs\systems\PhysicsSystem.cpp,748,14521284565,6684566,2,
Physics::Step,C:\Users\╨┐╨║\Documents\GitHub\myengine\engine\src\ecs\systems\PhysicsSystem.cpp,748,14539480015,7073226,2,
Physics::Step,C:\Users\╨┐╨║\Documents\GitHub\myengine\engine\src\ecs\systems\PhysicsSystem.cpp,748,14558589195,6319891,2,
Physics::Step,C:\Users\╨┐╨║\Documents\GitHub\myengine\engine\src\ecs\systems\PhysicsSystem.cpp,748,14577779468,7174749,2,
Physics::Step,C:\Users\╨┐╨║\Documents\GitHub\myengine\engine\src\ecs\systems\PhysicsSystem.cpp,748,14584954247,6646444,2,
Physics::Step,C:\Users\╨┐╨║\Documents\GitHub\myengine\engine\src\ecs\systems\PhysicsSystem.cpp,748,14602834326,6493393,2,
Physics::Step,C:\Users\╨┐╨║\Documents\GitHub\myengine\engine\src\ecs\systems\PhysicsSystem.cpp,748,14621222444,6261149,2,
Physics::Step,C:\Users\╨┐╨║\Documents\GitHub\myengine\engine\src\ecs\systems\PhysicsSystem.cpp,748,14639322470,6464277,2,
Physics::Step,C:\Users\╨┐╨║\Documents\GitHub\myengine\engine\src\ecs\systems\PhysicsSystem.cpp,748,14658276344,6491969,2,
Physics::Step,C:\Users\╨┐╨║\Documents\GitHub\myengine\engine\src\ecs\systems\PhysicsSystem.cpp,748,14678921017,6500736,2,
Physics::Step,C:\Users\╨┐╨║\Documents\GitHub\myengine\engine\src\ecs\systems\PhysicsSystem.cpp,748,14685421773,6567723,2,
Physics::Step,C:\Users\╨┐╨║\Documents\GitHub\myengine\engine\src\ecs\systems\PhysicsSystem.cpp,748,14710624239,10384262,2,
Physics::Step,C:\Users\╨┐╨║\Documents\GitHub\myengine\engine\src\ecs\systems\PhysicsSystem.cpp,748,14737746470,8612697,2,
Physics::Step,C:\Users\╨┐╨║\Documents\GitHub\myengine\engine\src\ecs\systems\PhysicsSystem.cpp,748,14746359207,8039343,2,
Physics::Step,C:\Users\╨┐╨║\Documents\GitHub\myengine\engine\src\ecs\systems\PhysicsSystem.cpp,748,14772141724,11332834,2,
Physics::Step,C:\Users\╨┐╨║\Documents\GitHub\myengine\engine\src\ecs\systems\PhysicsSystem.cpp,748,14783474748,9686872,2,
Physics::Step,C:\Users\╨┐╨║\Documents\GitHub\myengine\engine\src\ecs\systems\PhysicsSystem.cpp,748,14808113675,7988067,2,
Physics::Step,C:\Users\╨┐╨║\Documents\GitHub\myengine\engine\src\ecs\systems\PhysicsSystem.cpp,748,14816101883,9923432,2,
Physics::Step,C:\Users\╨┐╨║\Documents\GitHub\myengine\engine\src\ecs\systems\PhysicsSystem.cpp,748,14843053643,9961284,2,
Physics::Step,C:\Users\╨┐╨║\Documents\GitHub\myengine\engine\src\ecs\systems\PhysicsSystem.cpp,748,14853015108,9669508,2,
Physics::Step,C:\Users\╨┐╨║\Documents\GitHub\myengine\engine\src\ecs\systems\PhysicsSystem.cpp,748,14881741045,12484397,2,
Physics::Step,C:\Users\╨┐╨║\Documents\GitHub\myengine\engine\src\ecs\systems\PhysicsSystem.cpp,748,14894225643,10318654,2,
Physics::Step,C:\Users\╨┐╨║\Documents\GitHub\myengine\engine\src\ecs\systems\PhysicsSystem.cpp,748,14904544427,9375659,2,
Physics::Step,C:\Users\╨┐╨║\Documents\GitHub\myengine\engine\src\ecs\systems\PhysicsSystem.cpp,748,14933199560,8475495,2,
Physics::Step,C:\Users\╨┐╨║\Documents\GitHub\myengine\engine\src\ecs\systems\PhysicsSystem.cpp,748,14941675176,9508802,2,
Physics::Step,C:\Users\╨┐╨║\Documents\GitHub\myengine\engine\src\ecs\systems\PhysicsSystem.cpp,748,14951184148,8965298,2,
Physics::Step,C:\Users\╨┐╨║\Documents\GitHub\myengine\engine\src\ecs\systems\PhysicsSystem.cpp,748,14977852569,7790641,2,
Physics::Step,C:\Users\╨┐╨║\Documents\GitHub\myengine\engine\src\ecs\systems\PhysicsSystem.cpp,748,14985643331,8095261,2,
Physics::Step,C:\Users\╨┐╨║\Documents\GitHub\myengine\engine\src\ecs\systems\PhysicsSystem.cpp,748,14993738722,7689389,2,
Physics::Step,C:\Users\╨┐╨║\Documents\GitHub\myengine\engine\src\ecs\systems\PhysicsSystem.cpp,748,15020439665,9079655,2,
Physics::Step,C:\Users\╨┐╨║\Documents\GitHub\myengine\engine\src\ecs\systems\PhysicsSystem.cpp,748,15029519480,6453406,2,
Physics::Step,C:\Users\╨┐╨║\Documents\GitHub\myengine\engine\src\ecs\systems\PhysicsSystem.cpp,748,15048190756,7297443,2,
Physics::Step,C:\Users\╨┐╨║\Documents\GitHub\myengine\engine\src\ecs\systems\PhysicsSystem.cpp,748,15055488209,6419431,2,
Physics::Step,C:\Users\╨┐╨║\Documents\GitHub\myengine\engine\src\ecs\systems\PhysicsSystem.cpp,748,15075280368,6779727,2,
Physics::Step,C:\Users\╨┐╨║\Documents\GitHub\myengine\engine\src\ecs\systems\PhysicsSystem.cpp,748,15094615537,8455477,2,
Physics::Step,C:\Users\╨┐╨║\Documents\GitHub\myengine\engine\src\ecs\systems\PhysicsSystem.cpp,748,15103071135,6190996,2,
Physics::Step,C:\Users\╨┐╨║\Documents\GitHub\myengine\engine\src\ecs\systems\PhysicsSystem.cpp,748,15122193845,6626295,2,
Physics::Step,C:\Users\╨┐╨║\Documents\GitHub\myengine\engine\src\ecs\systems\PhysicsSystem.cpp,748,15140766027,6628589,2,
Physics::Step,C:\Users\╨┐╨║\Documents\GitHub\myengine\engine\src\ecs\systems\PhysicsSystem.cpp,748,15159811775,6436284,2,
Physics::Step,C:\Users\╨┐╨║\Documents\GitHub\myengine\engine\src\ecs\systems\PhysicsSystem.cpp,748,15179816370,6181217,2,
Physics::Step,C:\Users\╨┐╨║\Documents\GitHub\myengine\engine\src\ecs\systems\PhysicsSystem.cpp,748,15185997918,6977233,2,
Physics::Step,C:\Users\╨┐╨║\Documents\GitHub\myengine\engine\src\ecs\systems\PhysicsSystem.cpp,748,15205736972,7358399,2,
Physics::Step,C:\Users\╨┐╨║\Documents\GitHub\myengine\engine\src\ecs\systems\PhysicsSystem.cpp,748,15224697216,6176399,2,
Physics::Step,C:\Users\╨┐╨║\Documents\GitHub\myengine\engine\src\ecs\systems\PhysicsSystem.cpp,748,15243335870,6141262,2,
Physics::Step,C:\Users\╨┐╨║\Documents\GitHub\myengine\engine\src\ecs\systems\PhysicsSystem.cpp,748,15261877631,6916687,2,
Physics::Step,C:\Users\╨┐╨║\Documents\GitHub\myengine\engine\src\ecs\systems\PhysicsSystem.cpp,748,15268794348,6721456,2,
Physics::Step,C:\Users\╨┐╨║\Documents\GitHub\myengine\engine\src\ecs\systems\PhysicsSystem.cpp,748,15287115376,6232355,2,
Physics::Step,C:\Users\╨┐╨║\Documents\GitHub\myengine\engine\src\ecs\systems\PhysicsSystem.cpp,748,15305736678,6629270,2,
Physics::Step,C:\Users\╨┐╨║\Documents\GitHub\myengine\engine\src\ecs\systems\PhysicsSystem.cpp,748,15325001684,6644389,2,
Physics::Step,C:\Users\╨┐╨║\Documents\GitHub\myengine\engine\src\ecs\systems\PhysicsSystem.cpp,748,15344006871,7037698,2,
Physics::Step,C:\Users\╨┐╨║\Documents\GitHub\myengine\engine\src\ecs\systems\PhysicsSystem.cpp,748,15351044729,6554168,2,
Physics::Step,C:\Users\╨┐╨║\Documents\GitHub\myengine\engine\src\ecs\systems\PhysicsSystem.cpp,748,15370967877,6516306,2,
Physics::Step,C:\Users\╨┐╨║\Documents\GitHub\myengine\engine\src\ecs\systems\PhysicsSystem.cpp,748,15389302893,6382901,2,
Physics::Step,C:\Users\╨┐╨║\Documents\GitHub\myengine\engine\src\ecs\systems\PhysicsSystem.cpp,748,15407721392,7068546,2,
Physics::Step,C:\Users\╨┐╨║\Documents\GitHub\myengine\engine\src\ecs\systems\PhysicsSystem.cpp,748,15427079169,6973116,2,
Physics::Step,C:\Users\╨┐╨║\Documents\GitHub\myengine\engine\src\ecs\systems\PhysicsSystem.cpp,748,15446532404,6195755,2,
Physics::Step,C:\Users\╨┐╨║\Documents\GitHub\myengine\engine\src\ecs\systems\PhysicsSystem.cpp,748,15452728210,6814403,2,
Physics::Step,C:\Users\╨┐╨║\Documents\GitHub\myengine\engine\src\ecs\systems\PhysicsSystem.cpp,748,15471585820,6354978,2,
Physics::Step,C:\Users\╨┐╨║\Documents\GitHub\myengine\engine\src\ecs\systems\PhysicsSystem.cpp,748,15489883454,6169205,2,
Physics::Step,C:\Users\╨┐╨║\Documents\GitHub\myengine\engine\src\ecs\systems\PhysicsSystem.cpp,748,15507986769,6597249,2,
Physics::Step,C:\Users\╨┐╨║\Documents\GitHub\myengine\engine\src\ecs\systems\PhysicsSystem.cpp,748,15530350324,7689619,2,
Physics::Step,C:\Users\╨┐╨║\Documents\GitHub\myengine\engine\src\ecs\systems\PhysicsSystem.cpp,748,15538039973,6749770,2,
Physics::Step,C:\Users\╨┐╨║\Documents\GitHub\myengine\engine\src\ecs\systems\PhysicsSystem.cpp,748,15557830555,7126998,2,
Physics::Step,C:\Users\╨┐╨║\Documents\GitHub\myengine\engine\src\ecs\systems\PhysicsSystem.cpp,748,15577206763,7274329,2,
Physics::Step,C:\Users\╨┐╨║\Documents\GitHub\myengine\engine\src\ecs\systems\PhysicsSystem.cpp,748,15596573573,6197619,2,
Physics::Step,C:\Users\╨┐╨║\Documents\GitHub\myengine\engine\src\ecs\systems\PhysicsSystem.cpp,748,15602771232,6522227,2,
Physics::Step,C:\Users\╨┐╨║\Documents\GitHub\myengine\engine\src\ecs\systems\PhysicsSystem.cpp,748,15620566760,6709073,2,
Physics::Step,C:\Users\╨┐╨║\Documents\GitHub\myengine\engine\src\ecs\systems\PhysicsSystem.cpp,748,15639061328,6363465,2,
Physics::Step,C:\Users\╨┐╨║\Documents\GitHub\myengine\engine\src\ecs\systems\PhysicsSystem.cpp,748,15657830991,6578224,2,
Physics::Step,C:\Users\╨┐╨║\Documents\GitHub\myengine\engine\src\ecs\systems\PhysicsSystem.cpp,748,15676479834,6272201,2,
Physics::Step,C:\Users\╨┐╨║\Documents\GitHub\myengine\engine\src\ecs\systems\PhysicsSystem.cpp,748,15697887075,8611485,2,
Physics::Step,C:\Users\╨┐╨║\Documents\GitHub\myengine\engine\src\ecs\systems\PhysicsSystem.cpp,748,15706498680,7026216,2,
Physics::Step,C:\Users\╨┐╨║\Documents\GitHub\myengine\engine\src\ecs\systems\PhysicsSystem.cpp,748,15726069478,7343871,2,
Physics::Step,C:\Users\╨┐╨║\Documents\GitHub\myengine\engine\src\ecs\systems\PhysicsSystem.cpp,748,15747683696,9428509,2,
Physics::Step,C:\Users\╨┐╨║\Documents\GitHub\myengine\engine\src\ecs\systems\PhysicsSystem.cpp,748,15757112325,9536606,2,
Physics::Step,C:\Users\╨┐╨║\Documents\GitHub\myengine\engine\src\ecs\systems\PhysicsSystem.cpp,748,15781758235,6737477,2,
Physics::Step,C:\Users\╨┐╨║\Documents\GitHub\myengine\engine\src\ecs\systems\PhysicsSystem.cpp,748,15788495792,6698222,2,
Physics::Step,C:\Users\╨┐╨║\Documents\GitHub\myengine\engine\src\ecs\systems\PhysicsSystem.cpp,748,15806916781,6671481,2,
Physics::Step,C:\Users\╨┐╨║\Documents\GitHub\myengine\engine\src\ecs\systems\PhysicsSystem.cpp,748,15825935919,7413644,2,
Physics::Step,C:\Users\╨┐╨║\Documents\GitHub\myengine\engine\src\ecs\systems\PhysicsSystem.cpp,748,15845866613,7027118,2,
Physics::Step,C:\Users\╨┐╨║\Documents\GitHub\myengine\engine\src\ecs\systems\PhysicsSystem.cpp,748,15852893861,7279378,2,
Physics::Step,C:\Users\╨┐╨║\Documents\GitHub\myengine\engine\src\ecs\systems\PhysicsSystem.cpp,748,15871999133,7605950,2,
Physics::Step,C:\Users\╨┐╨║\Documents\GitHub\myengine\engine\src\ecs\systems\PhysicsSystem.cpp,748,15891538692,6291277,2,
Physics::Step,C:\Users\╨┐╨║\Documents\GitHub\myengine\engine\src\ecs\systems\PhysicsSystem.cpp,748,15910343321,6446543,2,
Physics::Step,C:\Users\╨┐╨║\Documents\GitHub\myengine\engine\src\ecs\systems\PhysicsSystem.cpp,748,15929062829,6520593,2,
Physics::Step,C:\Users\╨┐╨║\Documents\GitHub\myengine\engine\src\ecs\systems\PhysicsSystem.cpp,748,15935583573,6700746,2,
Physics::Step,C:\Users\╨┐╨║\Documents\GitHub\myengine\engine\src\ecs\systems\PhysicsSystem.cpp,748,15954024831,6505234,2,
Physics::Step,C:\Users\╨┐╨║\Documents\GitHub\myengine\engine\src\ecs\systems\PhysicsSystem.cpp,748,15972978965,6325021,2,
Physics::Step,C:\Users\╨┐╨║\Documents\GitHub\myengine\engine\src\ecs\systems\PhysicsSystem.cpp,748,15991221255,6406426,2,
Physics::Step,C:\Users\╨┐╨║\Documents\GitHub\myengine\engine\src\ecs\systems\PhysicsSystem.cpp,748,16009653365,6514642,2,
Physics::Step,C:\Users\╨┐╨║\Documents\GitHub\myengine\engine\src\ecs\systems\PhysicsSystem.cpp,748,16028781551,6289283,2,
Physics::Step,C:\Users\╨┐╨║\Documents\GitHub\myengine\engine\src\ecs\systems\PhysicsSystem.cpp,748,16035070934,6788023,2,
Physics::Step,C:\Users\╨┐╨║\Documents\GitHub\myengine\engine\src\ecs\systems\PhysicsSystem.cpp,748,16053197603,7329908,2,
Physics::Step,C:\Users\╨┐╨║\Documents\GitHub\myengine\engine\src\ecs\systems\PhysicsSystem.cpp,748,16072306607,8938637,2,
Physics::Step,C:\Users\╨┐╨║\Documents\GitHub\myengine\engine\src\ecs\systems\PhysicsSystem.cpp,748,16094793730,9057525,2,
Physics::Step,C:\Users\╨┐╨║\Documents\GitHub\myengine\engine\src\ecs\systems\PhysicsSystem.cpp,748,16103851315,9973387,2,
Physics::Step,C:\Users\╨┐╨║\Documents\GitHub\myengine\engine\src\ecs\systems\PhysicsSystem.cpp,748,16128149112,7834956,2,
Physics::Step,C:\Users\╨┐╨║\Documents\GitHub\myengine\engine\src\ecs\systems\PhysicsSystem.cpp,748,16135984078,7527050,2,
Physics::Step,C:\Users\╨┐╨║\Documents\GitHub\myengine\engine\src\ecs\systems\PhysicsSystem.cpp,748,16157522162,10034142,2,
Physics::Step,C:\Users\╨┐╨║\Documents\GitHub\myengine\engine\src\ecs\systems\PhysicsSystem.cpp,748,16185171119,9608492,2,
Physics::Step,C:\Users\╨┐╨║\Documents\GitHub\myengine\engine\src\ecs\systems\PhysicsSystem.cpp,748,16194779781,10034193,2,
Physics::Step,C:\Users\╨┐╨║\Documents\GitHub\myengine\engine\src\ecs\systems\PhysicsSystem.cpp,748,16225376989,10313244,2,
Physics::Step,C:\Users\╨┐╨║\Documents\GitHub\myengine\engine\src\ecs\systems\PhysicsSystem.cpp,748,16235690404,9883085,2,
Physics::Step,C:\Users\╨┐╨║\Documents\GitHub\myengine\engine\src\ecs\systems\PhysicsSystem.cpp,748,16263699469,9825416,2,
Physics::Step,C:\Users\╨┐╨║\Documents\GitHub\myengine\engine\src\ecs\systems\PhysicsSystem.cpp,748,16273525135,9336144,2,
Physics::Step,C:\Users\╨┐╨║\Documents\GitHub\myengine\engine\src\ecs\systems\PhysicsSystem.cpp,748,16282861369,9356473,2,
Physics::Step,C:\Users\╨┐╨║\Documents\GitHub\myengine\engine\src\ecs\systems\PhysicsSystem.cpp,748,16309938126,8991978,2,
Physics::Step,C:\Users\╨┐╨║\Documents\GitHub\myengine\engine\src\ecs\systems\PhysicsSystem.cpp,748,16318931277,9467754,2,
Physics::Step,C:\Users\╨┐╨║\Documents\GitHub\myengine\engine\src\ecs\systems\PhysicsSystem.cpp,748,16345026225,9566984,2,
Physics::Step,C:\Users\╨┐╨║\Documents\GitHub\myengine\engine\src\ecs\systems\PhysicsSystem.cpp,748,16354593349,8545849,2,
Physics::Step,C:\Users\╨┐╨║\Documents\GitHub\myengine\engine\src\ecs\systems\PhysicsSystem.cpp,748,16363139308,7904899,2,
Physics::Step,C:\Users\╨┐╨║\Documents\GitHub\myengine\engine\src\ecs\systems\PhysicsSystem.cpp,748,16388400991,9076339,2,
Physics::Step,C:\Users\╨┐╨║\Documents\GitHub\myengine\engine\src\ecs\systems\PhysicsSystem.cpp,748,16397477460,8773763,2,
Physics::Step,C:\Users\╨┐╨║\Documents\GitHub\myengine\engine\src\ecs\systems\PhysicsSystem.cpp,748,16422315235,6816898,2,
Physics::Step,C:\Users\╨┐╨║\Documents\GitHub\myengine\engine\src\ecs\systems\PhysicsSystem.cpp,748,16429132253,7125596,2,
Physics::Step,C:\Users\╨┐╨║\Documents\GitHub\myengine\engine\src\ecs\systems\PhysicsSystem.cpp,748,16452896555,9419372,2,
Physics::Step,C:\Users\╨┐╨║\Documents\GitHub\myengine\engine\src\ecs\systems\PhysicsSystem.cpp,748,16462316058,8574393,2,
Physics::Step,C:\Users\╨┐╨║\Documents\GitHub\myengine\engine\src\ecs\systems\PhysicsSystem.cpp,748,16487662301,11715954,2,
Physics::Step,C:\Users\╨┐╨║\Documents\GitHub\myengine\engine\src\ecs\systems\PhysicsSystem.cpp,748,16499378396,10394118,2,
Physics::Step,C:\Users\╨┐╨║\Documents\GitHub\myengine\engine\src\ecs\systems\PhysicsSystem.cpp,748,16522259416,6399142,2,
Physics::Step,C:\Users\╨┐╨║\Documents\GitHub\myengine\engine\src\ecs\systems\PhysicsSystem.cpp,748,16528658598,6668025,2,
Physics::Step,C:\Users\╨┐╨║\Documents\GitHub\myengine\engine\src\ecs\systems\PhysicsSystem.cpp,748,16547038469,6160408,2,
Physics::Step,C:\Users\╨┐╨║\Documents\GitHub\myengine\engine\src\ecs\systems\PhysicsSystem.cpp,748,16553198937,7022069,2,
Physics::Step,C:\Users\╨┐╨║\Documents\GitHub\myengine\engine\src\ecs\systems\PhysicsSystem.cpp,748,16572019347,6438207,2,
Physics::Step,C:\Users\╨┐╨║\Documents\GitHub\myengine\engine\src\ecs\systems\PhysicsSystem.cpp,748,16591005652,6386379,2,
Physics::Step,C:\Users\╨┐╨║\Documents\GitHub\myengine\engine\src\ecs\systems\PhysicsSystem.cpp,748,16609522194,6472502,2,
Physics::Step,C:\Users\╨┐╨║\Documents\GitHub\myengine\engine\src\ecs\systems\PhysicsSystem.cpp,748,16628597669,6305995,2,
Physics::Step,C:\Users\╨┐╨║\Documents\GitHub\myengine\engine\src\ecs\systems\PhysicsSystem.cpp,748,16634903684,7563188,2,
Physics::Step,C:\Users\╨┐╨║\Documents\GitHub\myengine\engine\src\ecs\systems\PhysicsSystem.cpp,748,16654315379,6144989,2,
Physics::Step,C:\Users\╨┐╨║\Documents\GitHub\myengine\engine\src\ecs\systems\PhysicsSystem.cpp,748,16674608713,6533128,2,
Physics::Step,C:\Users\╨┐╨║\Documents\GitHub\myengine\engine\src\ecs\systems\PhysicsSystem.cpp,748,16693400288,6299262,2,
Physics::Step,C:\Users\╨┐╨║\Documents\GitHub\myengine\engine\src\ecs\systems\PhysicsSystem.cpp,748,16711850709,6876441,2,
Physics::Step,C:\Users\╨┐╨║\Documents\GitHub\myengine\engine\src\ecs\systems\PhysicsSystem.cpp,748,16718727170,7354170,2,
Physics::Step,C:\Users\╨┐╨║\Documents\GitHub\myengine\engine\src\ecs\systems\PhysicsSystem.cpp,748,16740131192,6407338,2,
Physics::Step,C:\Users\╨┐╨║\Documents\GitHub\myengine\engine\src\ecs\systems\PhysicsSystem.cpp,748,16758662457,6382832,2,
Physics::Step,C:\Users\╨┐╨║\Documents\GitHub\myengine\engine\src\ecs\systems\PhysicsSystem.cpp,748,16777444670,6665980,2,
Physics::Step,C:\Users\╨┐╨║\Documents\GitHub\myengine\engine\src\ecs\systems\PhysicsSystem.cpp,748,16784110760,6672914,2,
Physics::Step,C:\Users\╨┐╨║\Documents\GitHub\myengine\engine\src\ecs\systems\PhysicsSystem.cpp,748,16802616866,6438688,2,
Physics::Step,C:\Users\╨┐╨║\Documents\GitHub\myengine\engine\src\ecs\systems\PhysicsSystem.cpp,748,16820676222,7087052,2,
Physics::Step,C:\Users\╨┐╨║\Documents\GitHub\myengine\engine\src\ecs\systems\PhysicsSystem.cpp,748,16839350995,6322556,2,
Physics::Step,C:\Users\╨┐╨║\Documents\GitHub\myengine\engine\src\ecs\systems\PhysicsSystem.cpp,748,16858096061,6252142,2,
Physics::Step,C:\Users\╨┐╨║\Documents\GitHub\myengine\engine\src\ecs\systems\PhysicsSystem.cpp,748,16876629574,6277080,2,
Physics::Step,C:\Users\╨┐╨║\Documents\GitHub\myengine\engine\src\ecs\systems\PhysicsSystem.cpp,748,16895213228,6600025,2,
Physics::Step,C:\Users\╨┐╨║\Documents\GitHub\myengine\engine\src\ecs\systems\PhysicsSystem.cpp,748,16901813373,6489655,2,
Physics::Step,C:\Users\╨┐╨║\Documents\GitHub\myengine\engine\src\ecs\systems\PhysicsSystem.cpp,748,16919785426,6219571,2,
Physics::Step,C:\Users\╨┐╨║\Documents\GitHub\myengine\engine\src\ecs\systems\PhysicsSystem.cpp,748,16938288824,6326905,2,
Physics::Step,C:\Users\╨┐╨║\Documents\GitHub\myengine\engine\src\ecs\systems\PhysicsSystem.cpp,748,16957225500,6959690,2,
Physics::Step,C:\Users\╨┐╨║\Documents\GitHub\myengine\engine\src\ecs\systems\PhysicsSystem.cpp,748,16976306095,7389117,2,
Physics::Step,C:\Users\╨┐╨║\Documents\GitHub\myengine\engine\src\ecs\systems\PhysicsSystem.cpp,748,16996028211,6562794,2,
Physics::Step,C:\Users\╨┐╨║\Documents\GitHub\myengine\engine\src\ecs\systems\PhysicsSystem.cpp,748,17002591025,6617839,2,
Physics::Step,C:\Users\╨┐╨║\Documents\GitHub\myengine\engine\src\ecs\systems\PhysicsSystem.cpp,748,17020986977,6980840,2,
Physics::Step,C:\Users\╨┐╨║\Documents\GitHub\myengine\engine\src\ecs\systems\PhysicsSystem.cpp,748,17039814300,7231897,2,
Physics::Step,C:\Users\╨┐╨║\Documents\GitHub\myengine\engine\src\ecs\systems\PhysicsSystem.cpp,748,17059075659,6440230,2,
Physics::Step,C:\Users\╨┐╨║\Documents\GitHub\myengine\engine\src\ecs\systems\PhysicsSystem.cpp,748,17078259768,6737724,2,
Physics::Step,C:\Users\╨┐╨║\Documents\GitHub\myengine\engine\src\ecs\systems\PhysicsSystem.cpp,748,17084997533,6795036,2,
Physics::Step,C:\Users\╨┐╨║\Documents\GitHub\myengine\engine\src\ecs\systems\PhysicsSystem.cpp,748,17103333766,6772448,2,
Physics::Step,C:\Users\╨┐╨║\Documents\GitHub\myengine\engine\src\ecs\systems\PhysicsSystem.cpp,748,17121987331,8799572,2,
Physics::Step,C:\Users\╨┐╨║\Documents\GitHub\myengine\engine\src\ecs\systems\PhysicsSystem.cpp,748,17143232464,7079868,2,
Physics::Step,C:\Users\╨┐╨║\Documents\GitHub\myengine\engine\src\ecs\systems\PhysicsSystem.cpp,748,17162726215,6676320,2,
Physics::Step,C:\Users\╨┐╨║\Documents\GitHub\myengine\engine\src\ecs\systems\PhysicsSystem.cpp,748,17169402625,7280571,2,
Physics::Step,C:\Users\╨┐╨║\Documents\GitHub\myengine\engine\src\ecs\systems\PhysicsSystem.cpp,748,17188437438,6450440,2,
Physics::Step,C:\Users\╨┐╨║\Documents\GitHub\myengine\engine\src\ecs\systems\PhysicsSystem.cpp,748,17208589737,6385036,2,
Physics::Step,C:\Users\╨┐╨║\Documents\GitHub\myengine\engine\src\ecs\systems\PhysicsSystem.cpp,748,17227151997,6921046,2,
Physics::Step,C:\Users\╨┐╨║\Documents\GitHub\myengine\engine\src\ecs\systems\PhysicsSystem.cpp,748,17248090183,6170367,2,
Physics::Step,C:\Users\╨┐╨║\Documents\GitHub\myengine\engine\src\ecs\systems\PhysicsSystem.cpp,748,17254260580,6389624,2,
Physics::Step,C:\Users\╨┐╨║\Documents\GitHub\myengine\engine\src\ecs\systems\PhysicsSystem.cpp,748,17272806592,7405539,2,
Physics::Step,C:\Users\╨┐╨║\Documents\GitHub\myengine\engine\src\ecs\systems\PhysicsSystem.cpp,748,17291780072,7159921,2,
Physics::Step,C:\Users\╨┐╨║\Documents\GitHub\myengine\engine\src\ecs\systems\PhysicsSystem.cpp,748,17310649386,6538728,2,
Physics::Step,C:\Users\╨┐╨║\Documents\GitHub\myengine\engine\src\ecs\systems\PhysicsSystem.cpp,748,17317188134,6461020,2,
Physics::Step,C:\Users\╨┐╨║\Documents\GitHub\myengine\engine\src\ecs\systems\PhysicsSystem.cpp,748,17340373328,6779256,2,
Physics::Step,C:\Users\╨┐╨║\Documents\GitHub\myengine\engine\src\ecs\systems\PhysicsSystem.cpp,748,17359724764,6646288,2,
Physics::Step,C:\Users\╨┐╨║\Documents\GitHub\myengine\engine\src\ecs\systems\PhysicsSystem.cpp,748,17380038907,9628621,2,
Physics::Step,C:\Users\╨┐╨║\Documents\GitHub\myengine\engine\src\ecs\systems\PhysicsSystem.cpp,748,17389667689,7152666,2,
Physics::Step,C:\Users\╨┐╨║\Documents\GitHub\myengine\engine\src\ecs\systems\PhysicsSystem.cpp,748,17411607717,7191516,2,
Physics::Step,C:\Users\╨┐╨║\Documents\GitHub\myengine\engine\src\ecs\systems\PhysicsSystem.cpp,748,17418799343,7256695,2,
Physics::Step,C:\Users\╨┐╨║\Documents\GitHub\myengine\engine\src\ecs\systems\PhysicsSystem.cpp,748,17443042692,10094407,2,
Physics::Step,C:\Users\╨┐╨║\Documents\GitHub\myengine\engine\src\ecs\systems\PhysicsSystem.cpp,748,17470456682,8286619,2,
Physics::Step,C:\Users\╨┐╨║\Documents\GitHub\myengine\engine\src\ecs\systems\PhysicsSystem.cpp,748,17478743441,7928564,2,
Physics::Step,C:\Users\╨┐╨║\Documents\GitHub\myengine\engine\src\ecs\systems\PhysicsSystem.cpp,748,17499619801,6798773,2,
Physics::Step,C:\Users\╨┐╨║\Documents\GitHub\myengine\engine\src\ecs\systems\PhysicsSystem.cpp,748,17506418605,6334579,2,
Physics::Step,C:\Users\╨┐╨║\Documents\GitHub\myengine\engine\src\ecs\systems\PhysicsSystem.cpp,748,17525579858,6563305,2,
Physics::Step,C:\Users\╨┐╨║\Documents\GitHub\myengine\engine\src\ecs\systems\PhysicsSystem.cpp,748,17545140643,8051417,2,
Physics::Step,C:\Users\╨┐╨║\Documents\GitHub\myengine\engine\src\ecs\systems\PhysicsSystem.cpp,748,17553192511,9833771,2,
Physics::Step,C:\Users\╨┐╨║\Documents\GitHub\myengine\engine\src\ecs\systems\PhysicsSystem.cpp,748,17578814960,8169132,2,
Physics::Step,C:\Users\╨┐╨║\Documents\GitHub\myengine\engine\src\ecs\systems\PhysicsSystem.cpp,748,17586984132,8547643,2,
Physics::Step,C:\Users\╨┐╨║\Documents\GitHub\myengine\engine\src\ecs\systems\PhysicsSystem.cpp,748,17608110767,6711387,2,
Physics::Step,C:\Users\╨┐╨║\Documents\GitHub\myengine\engine\src\ecs\systems\PhysicsSystem.cpp,748,17627023020,6931857,2,
Physics::Step,C:\Users\╨┐╨║\Documents\GitHub\myengine\engine\src\ecs\systems\PhysicsSystem.cpp,748,17646690985,7573779,2,
Physics::Step,C:\Users\╨┐╨║\Documents\GitHub\myengine\engine\src\ecs\systems\PhysicsSystem.cpp,748,17654264894,5981928,2,
Physics::Step,C:\Users\╨┐╨║\Documents\GitHub\myengine\engine\src\ecs\systems\PhysicsSystem.cpp,748,17672628940,8033003,2,
Physics::Step,C:\Users\╨┐╨║\Documents\GitHub\myengine\engine\src\ecs\systems\PhysicsSystem.cpp,748,17696206967,7963070,2,
Physics::Step,C:\Users\╨┐╨║\Documents\GitHub\myengine\engine\src\ecs\systems\PhysicsSystem.cpp,748,17704170157,6031062,2,
Physics::Step,C:\Users\╨┐╨║\Documents\GitHub\myengine\engine\src\ecs\systems\PhysicsSystem.cpp,748,17723121751,6898754,2,
Physics::Step,C:\Users\╨┐╨║\Documents\GitHub\myengine\engine\src\ecs\systems\PhysicsSystem.cpp,748,17743618007,6635946,2,
Physics::Step,C:\Users\╨┐╨║\Documents\GitHub\myengine\engine\src\ecs\systems\PhysicsSystem.cpp,748,17763966786,6516426,2,
Physics::Step,C:\Users\╨┐╨║\Documents\GitHub\myengine\engine\src\ecs\systems\PhysicsSystem.cpp,748,17770483232,7201660,2,
Physics::Step,C:\Users\╨┐╨║\Documents\GitHub\myengine\engine\src\ecs\systems\PhysicsSystem.cpp,748,17791510583,6442976,2,
Physics::Step,C:\Users\╨┐╨║\Documents\GitHub\myengine\engine\src\ecs\systems\PhysicsSystem.cpp,748,17810772948,6408190,2,
Physics::Step,C:\Users\╨┐╨║\Documents\GitHub\myengine\engine\src\ecs\systems\PhysicsSystem.cpp,748,17817181148,6885278,2,
Physics::Step,C:\Users\╨┐╨║\Documents\GitHub\myengine\engine\src\ecs\systems\PhysicsSystem.cpp,748,17835964502,7738983,2,
Physics::Step,C:\Users\╨┐╨║\Documents\GitHub\myengine\engine\src\ecs\systems\PhysicsSystem.cpp,748,17857548132,9724182,2,
Physics::Step,C:\Users\╨┐╨║\Documents\GitHub\myengine\engine\src\ecs\systems\PhysicsSystem.cpp,748,17880546631,6780137,2,
Physics::Step,C:\Users\╨┐╨║\Documents\GitHub\myengine\engine\src\ecs\systems\PhysicsSystem.cpp,748,17887326808,6767764,2,
Physics::Step,C:\Users\╨┐╨║\Documents\GitHub\myengine\engine\src\ecs\systems\PhysicsSystem.cpp,748,17906261471,6614492,2,
Physics::Step,C:\Users\╨┐╨║\Documents\GitHub\myengine\engine\src\ecs\systems\PhysicsSystem.cpp,748,17925962372,6844330,2,
Physics::Step,C:\Users\╨┐╨║\Documents\GitHub\myengine\engine\src\ecs\systems\PhysicsSystem.cpp,748,17945389372,7761135,2,
Physics::Step,C:\Users\╨┐╨║\Documents\GitHub\myengine\engine\src\ecs\systems\PhysicsSystem.cpp,748,17953150788,8903049,2,
Physics::Step,C:\Users\╨┐╨║\Documents\GitHub\myengine\engine\src\ecs\systems\PhysicsSystem.cpp,748,17976200409,6846835,2,
Physics::Step,C:\Users\╨┐╨║\Documents\GitHub\myengine\engine\src\ecs\systems\PhysicsSystem.cpp,748,17995981778,6558526,2,
Physics::Step,C:\Users\╨┐╨║\Documents\GitHub\myengine\engine\src\ecs\systems\PhysicsSystem.cpp,748,18002540414,6596899,2,
Physics::Step,C:\Users\╨┐╨║\Documents\GitHub\myengine\engine\src\ecs\systems\PhysicsSystem.cpp,748,18021405939,6609072,2,
Physics::Step,C:\Users\╨┐╨║\Documents\GitHub\myengine\engine\src\ecs\systems\PhysicsSystem.cpp,748,18040547756,6766732,2,
Physics::Step,C:\Users\╨┐╨║\Documents\GitHub\myengine\engine\src\ecs\systems\PhysicsSystem.cpp,748,18060054017,6789866,2,
Physics::Step,C:\Users\╨┐╨║\Documents\GitHub\myengine\engine\src\ecs\systems\PhysicsSystem.cpp,748,18079266888,6665790,2,
Physics::Step,C:\Users\╨┐╨║\Documents\GitHub\myengine\engine\src\ecs\systems\PhysicsSystem.cpp,748,18085932748,6849009,2,
Physics::Step,C:\Users\╨┐╨║\Documents\GitHub\myengine\engine\src\ecs\systems\PhysicsSystem.cpp,748,18104940640,6229640,2,
Physics::Step,C:\Users\╨┐╨║\Documents\GitHub\myengine\engine\src\ecs\systems\PhysicsSystem.cpp,748,18123246891,6351031,2,
Physics::Step,C:\Users\╨┐╨║\Documents\GitHub\myengine\engine\src\ecs\systems\PhysicsSystem.cpp,748,18142384268,6622368,2,
Physics::Step,C:\Users\╨┐╨║\Documents\GitHub\myengine\engine\src\ecs\systems\PhysicsSystem.cpp,748,18161995038,6999145,2,
Physics::Step,C:\Users\╨┐╨║\Documents\GitHub\myengine\engine\src\ecs\systems\PhysicsSystem.cpp,748,18168994353,6307849,2,
Physics::Step,C:\Users\╨┐╨║\Documents\GitHub\myengine\engine\src\ecs\systems\PhysicsSystem.cpp,748,18187378156,6961774,2,
Physics::Step,C:\Users\╨┐╨║\Documents\GitHub\myengine\engine\src\ecs\systems\PhysicsSystem.cpp,748,18206771041,7022860,2,
Physics::Step,C:\Users\╨┐╨║\Documents\GitHub\myengine\engine\src\ecs\systems\PhysicsSystem.cpp,748,18226079741,6653145,2,
Physics::Step,C:\Users\╨┐╨║\Documents\GitHub\myengine\engine\src\ecs\systems\PhysicsSystem.cpp,748,18245040121,6760831,2,
Physics::Step,C:\Users\╨┐╨║\Documents\GitHub\myengine\engine\src\ecs\systems\PhysicsSystem.cpp,748,18251801032,7074408,2,
Physics::Step,C:\Users\╨┐╨║\Documents\GitHub\myengine\engine\src\ecs\systems\PhysicsSystem.cpp,748,18273252997,6731756,2,
Physics::Step,C:\Users\╨┐╨║\Documents\GitHub\myengine\engine\src\ecs\systems\PhysicsSystem.cpp,748,18292331418,6916397,2,
Physics::Step,C:\Users\╨┐╨║\Documents\GitHub\myengine\engine\src\ecs\systems\PhysicsSystem.cpp,748,18312204051,6682792,2,
Physics::Step,C:\Users\╨┐╨║\Documents\GitHub\myengine\engine\src\ecs\systems\PhysicsSystem.cpp,748,18318887154,6221925,2,
Physics::Step,C:\Users\╨┐╨║\Documents\GitHub\myengine\engine\src\ecs\systems\PhysicsSystem.cpp,748,18337429689,6844200,2,
Physics::Step,C:\Users\╨┐╨║\Documents\GitHub\myengine\engine\src\ecs\systems\PhysicsSystem.cpp,748,18356526830,7264405,2,
Physics::Step,C:\Users\╨┐╨║\Documents\GitHub\myengine\engine\src\ecs\systems\PhysicsSystem.cpp,748,18376954053,6349328,2,
Physics::Step,C:\Users\╨┐╨║\Documents\GitHub\myengine\engine\src\ecs\systems\PhysicsSystem.cpp,748,18396640798,6897452,2,
Physics::Step,C:\Users\╨┐╨║\Documents\GitHub\myengine\engine\src\ecs\systems\PhysicsSystem.cpp,748,18403538300,6390165,2,
Physics::Step,C:\Users\╨┐╨║\Documents\GitHub\myengine\engine\src\ecs\systems\PhysicsSystem.cpp,748,18422765018,6658325,2,
Physics::Step,C:\Users\╨┐╨║\Documents\GitHub\myengine\engine\src\ecs\systems\PhysicsSystem.cpp,748,18441634259,6250089,2,
Physics::Step,C:\Users\╨┐╨║\Documents\GitHub\myengine\engine\src\ecs\systems\PhysicsSystem.cpp,748,18460284485,6555279,2,
Physics::Step,C:\Users\╨┐╨║\Documents\GitHub\myengine\engine\src\ecs\systems\PhysicsSystem.cpp,748,18479515586,7065882,2,
Physics::Step,C:\Users\╨┐╨║\Documents\GitHub\myengine\engine\src\ecs\systems\PhysicsSystem.cpp,748,18486581498,6103429,2,
Physics::Step,C:\Users\╨┐╨║\Documents\GitHub\myengine\engine\src\ecs\systems\PhysicsSystem.cpp,748,18505826643,7966917,2,
Physics::Step,C:\Users\╨┐╨║\Documents\GitHub\myengine\engine\src\ecs\systems\PhysicsSystem.cpp,748,18526899501,9511337,2,
Physics::Step,C:\Users\╨┐╨║\Documents\GitHub\myengine\engine\src\ecs\systems\PhysicsSystem.cpp,748,18549505311,6340491,2,
Physics::Step,C:\Users\╨┐╨║\Documents\GitHub\myengine\engine\src\ecs\systems\PhysicsSystem.cpp,748,18555845842,6932338,2,
Physics::Step,C:\Users\╨┐╨║\Documents\GitHub\myengine\engine\src\ecs\systems\PhysicsSystem.cpp,748,18574593869,6904575,2,
Physics::Step,C:\Users\╨┐╨║\Documents\GitHub\myengine\engine\src\ecs\systems\PhysicsSystem.cpp,748,18593876339,6799104,2,
Physics::Step,C:\Users\╨┐╨║\Documents\GitHub\myengine\engine\src\ecs\systems\PhysicsSystem.cpp,748,18613920118,7335194,2,
Physics::Step,C:\Users\╨┐╨║\Documents\GitHub\myengine\engine\src\ecs\systems\PhysicsSystem.cpp,748,18621255452,7639233,2,
Physics::Step,C:\Users\╨┐╨║\Documents\GitHub\myengine\engine\src\ecs\systems\PhysicsSystem.cpp,748,18641272941,6184944,2,
Physics::Step,C:\Users\╨┐╨║\Documents\GitHub\myengine\engine\src\ecs\systems\PhysicsSystem.cpp,748,18660188221,6907079,2,
Physics::Step,C:\Users\╨┐╨║\Documents\GitHub\myengine\engine\src\ecs\systems\PhysicsSystem.cpp,748,18679497656,7166514,2,
Physics::Step,C:\Users\╨┐╨║\Documents\GitHub\myengine\engine\src\ecs\systems\PhysicsSystem.cpp,748,18686664260,7101379,2,
Physics::Step,C:\Users\╨┐╨║\Documents\GitHub\myengine\engine\src\ecs\systems\PhysicsSystem.cpp,748,18706167034,7127238,2,
Physics::Step,C:\Users\╨┐╨║\Documents\GitHub\myengine\engine\src\ecs\systems\PhysicsSystem.cpp,748,18725474976,7290429,2,
Physics::Step,C:\Users\╨┐╨║\Documents\GitHub\myengine\engine\src\ecs\systems\PhysicsSystem.cpp,748,18746035929,7066844,2,
Physics::Step,C:\Users\╨┐╨║\Documents\GitHub\myengine\engine\src\ecs\systems\PhysicsSystem.cpp,748,18753102913,5932935,2,
Physics::Step,C:\Users\╨┐╨║\Documents\GitHub\myengine\engine\src\ecs\systems\PhysicsSystem.cpp,748,18774336362,7263498,2,
Physics::Step,C:\Users\╨┐╨║\Documents\GitHub\myengine\engine\src\ecs\systems\PhysicsSystem.cpp,748,18794692781,7193605,2,
Physics::Step,C:\Users\╨┐╨║\Documents\GitHub\myengine\engine\src\ecs\systems\PhysicsSystem.cpp,748,18801887397,7527040,2,
Physics::Step,C:\Users\╨┐╨║\Documents\GitHub\myengine\engine\src\ecs\systems\PhysicsSystem.cpp,748,18821164787,7076091,2,
Physics::Step,C:\Users\╨┐╨║\Documents\GitHub\myengine\engine\src\ecs\systems\PhysicsSystem.cpp,748,18840560160,6171529,2,
Physics::Step,C:\Users\╨┐╨║\Documents\GitHub\myengine\engine\src\ecs\systems\PhysicsSystem.cpp,748,18858916613,6350370,2,
Physics::Step,C:\Users\╨┐╨║\Documents\GitHub\myengine\engine\src\ecs\systems\PhysicsSystem.cpp,748,18877651935,6191287,2,
Physics::Step,C:\Users\╨┐╨║\Documents\GitHub\myengine\engine\src\ecs\systems\PhysicsSystem.cpp,748,18883843272,6567273,2,
Physics::Step,C:\Users\╨┐╨║\Documents\GitHub\myengine\engine\src\ecs\systems\PhysicsSystem.cpp,748,18902419092,8268872,2,
Physics::Step,C:\Users\╨┐╨║\Documents\GitHub\myengine\engine\src\ecs\systems\PhysicsSystem.cpp,748,18922590608,6154707,2,
Physics::Step,C:\Users\╨┐╨║\Documents\GitHub\myengine\engine\src\ecs\systems\PhysicsSystem.cpp,748,18941809772,6753086,2,
Physics::Step,C:\Users\╨┐╨║\Documents\GitHub\myengine\engine\src\ecs\systems\PhysicsSystem.cpp,748,18961211498,6484796,2,
Physics::Step,C:\Users\╨┐╨║\Documents\GitHub\myengine\engine\src\ecs\systems\PhysicsSystem.cpp,748,18967696344,6855582,2,
Physics::Step,C:\Users\╨┐╨║\Documents\GitHub\myengine\engine\src\ecs\systems\PhysicsSystem.cpp,748,18986519133,6569196,2,
Physics::Step,C:\Users\╨┐╨║\Documents\GitHub\myengine\engine\src\ecs\systems\PhysicsSystem.cpp,748,19006590003,6530903,2,
Physics::Step,C:\Users\╨┐╨║\Documents\GitHub\myengine\engine\src\ecs\systems\PhysicsSystem.cpp,748,19025759252,6588393,2,
Physics::Step,C:\Users\╨┐╨║\Documents\GitHub\myengine\engine\src\ecs\systems\PhysicsSystem.cpp,748,19044721592,6936676,2,
Physics::Step,C:\Users\╨┐╨║\Documents\GitHub\myengine\engine\src\ecs\systems\PhysicsSystem.cpp,748,19051658298,6473314,2,
Physics::Step,C:\Users\╨┐╨║\Documents\GitHub\myengine\engine\src\ecs\systems\PhysicsSystem.cpp,748,19070149902,6881019,2,
Physics::Step,C:\Users\╨┐╨║\Documents\GitHub\myengine\engine\src\ecs\systems\PhysicsSystem.cpp,748,19089218118,6903723,2,
Physics::Step,C:\Users\╨┐╨║\Documents\GitHub\myengine\engine\src\ecs\systems\PhysicsSystem.cpp,748,19108634065,6388062,2,
Physics::Step,C:\Users\╨┐╨║\Documents\GitHub\myengine\engine\src\ecs\systems\PhysicsSystem.cpp,748,19127348765,6494414,2,
Physics::Step,C:\Users\╨┐╨║\Documents\GitHub\myengine\engine\src\ecs\systems\PhysicsSystem.cpp,748,19133843239,7447398,2,
Physics::Step,C:\Users\╨┐╨║\Documents\GitHub\myengine\engine\src\ecs\systems\PhysicsSystem.cpp,748,19156239801,7296311,2,
Physics::Step,C:\Users\╨┐╨║\Documents\GitHub\myengine\engine\src\ecs\systems\PhysicsSystem.cpp,748,19175874136,6542365,2,
Physics::Step,C:\Users\╨┐╨║\Documents\GitHub\myengine\engine\src\ecs\systems\PhysicsSystem.cpp,748,19195888603,7148469,2,
Physics::Step,C:\Users\╨┐╨║\Documents\GitHub\myengine\engine\src\ecs\systems\PhysicsSystem.cpp,748,19203037172,6237385,2,
Physics::Step,C:\Users\╨┐╨║\Documents\GitHub\myengine\engine\src\ecs\systems\PhysicsSystem.cpp,748,19221928432,6723771,2,
Physics::Step,C:\Users\╨┐╨║\Documents\GitHub\myengine\engine\src\ecs\systems\PhysicsSystem.cpp,748,19241250041,6444869,2,
Physics::Step,C:\Users\╨┐╨║\Documents\GitHub\myengine\engine\src\ecs\systems\PhysicsSystem.cpp,748,19260551091,6630212,2,
Physics::Step,C:\Users\╨┐╨║\Documents\GitHub\myengine\engine\src\ecs\systems\PhysicsSystem.cpp,748,19281195012,6189052,2,
Physics::Step,C:\Users\╨┐╨║\Documents\GitHub\myengine\engine\src\ecs\systems\PhysicsSystem.cpp,748,19287384084,6030251,2,
Physics::Step,C:\Users\╨┐╨║\Documents\GitHub\myengine\engine\src\ecs\systems\PhysicsSystem.cpp,748,19306355206,6766411,2,
Physics::Step,C:\Users\╨┐╨║\Documents\GitHub\myengine\engine\src\ecs\systems\PhysicsSystem.cpp,748,19324921617,6808812,2,
Physics::Step,C:\Users\╨┐╨║\Documents\GitHub\myengine\engine\src\ecs\systems\PhysicsSystem.cpp,748,19344852996,6631495,2,
Physics::Step,C:\Users\╨┐╨║\Documents\GitHub\myengine\engine\src\ecs\systems\PhysicsSystem.cpp,748,19351484902,7448270,2,
Physics::Step,C:\Users\╨┐╨║\Documents\GitHub\myengine\engine\src\ecs\systems\PhysicsSystem.cpp,748,19370926059,7080018,2,
Physics::Step,C:\Users\╨┐╨║\Documents\GitHub\myengine\engine\src\ecs\systems\PhysicsSystem.cpp,748,19390106493,6372271,2,
Physics::Step,C:\Users\╨┐╨║\Documents\GitHub\myengine\engine\src\ecs\systems\PhysicsSystem.cpp,748,19408700602,6251641,2,
Physics::Step,C:\Users\╨┐╨║\Documents\GitHub\myengine\engine\src\ecs\systems\PhysicsSystem.cpp,748,19427310606,6125021,2,
Physics::Step,C:\Users\╨┐╨║\Documents\GitHub\myengine\engine\src\ecs\systems\PhysicsSystem.cpp,748,19433435677,6614723,2,
Physics::Step,C:\Users\╨┐╨║\Documents\GitHub\myengine\engine\src\ecs\systems\PhysicsSystem.cpp,748,19451781198,9363496,2,
Physics::Step,C:\Users\╨┐╨║\Documents\GitHub\myengine\engine\src\ecs\systems\PhysicsSystem.cpp,748,19477174070,6255349,2,
Physics::Step,C:\Users\╨┐╨║\Documents\GitHub\myengine\engine\src\ecs\systems\PhysicsSystem.cpp,748,19500376666,6909985,2,
Physics::Step,C:\Users\╨┐╨║\Documents\GitHub\myengine\engine\src\ecs\systems\PhysicsSystem.cpp,748,19507286671,6732226,2,
Physics::Step,C:\Users\╨┐╨║\Documents\GitHub\myengine\engine\src\ecs\systems\PhysicsSystem.cpp,748,19525845078,6695747,2,
Physics::Step,C:\Users\╨┐╨║\Documents\GitHub\myengine\engine\src\ecs\systems\PhysicsSystem.cpp,748,19545350517,6548807,2,
Physics::Step,C:\Users\╨┐╨║\Documents\GitHub\myengine\engine\src\ecs\systems\PhysicsSystem.cpp,748,19551899444,6381679,2,
Physics::Step,C:\Users\╨┐╨║\Documents\GitHub\myengine\engine\src\ecs\systems\PhysicsSystem.cpp,748,19571133757,7155527,2,
Physics::Step,C:\Users\╨┐╨║\Documents\GitHub\myengine\engine\src\ecs\systems\PhysicsSystem.cpp,748,19592010797,7044421,2,
Physics::Step,C:\Users\╨┐╨║\Documents\GitHub\myengine\engine\src\ecs\systems\PhysicsSystem.cpp,748,19611862405,6746975,2,
Physics::Step,C:\Users\╨┐╨║\Documents\GitHub\myengine\engine\src\ecs\systems\PhysicsSystem.cpp,748,19618609460,6039417,2,
Physics::Step,C:\Users\╨┐╨║\Documents\GitHub\myengine\engine\src\ecs\systems\PhysicsSystem.cpp,748,19637478772,6665240,2,
Physics::Step,C:\Users\╨┐╨║\Documents\GitHub\myengine\engine\src\ecs\systems\PhysicsSystem.cpp,748,19656275802,6588553,2,
Physics::Step,C:\Users\╨┐╨║\Documents\GitHub\myengine\engine\src\ecs\systems\PhysicsSystem.cpp,748,19675795108,6755411,2,
Physics::Step,C:\Users\╨┐╨║\Documents\GitHub\myengine\engine\src\ecs\systems\PhysicsSystem.cpp,748,19695477984,7151164,2,
Physics::Step,C:\Users\╨┐╨║\Documents\GitHub\myengine\engine\src\ecs\systems\PhysicsSystem.cpp,748,19702629178,7049300,2,
Physics::Step,C:\Users\╨┐╨║\Documents\GitHub\myengine\engine\src\ecs\systems\PhysicsSystem.cpp,748,19723673998,6956824,2,
Physics::Step,C:\Users\╨┐╨║\Documents\GitHub\myengine\engine\src\ecs\systems\PhysicsSystem.cpp,748,19744730269,6376760,2,
Physics::Step,C:\Users\╨┐╨║\Documents\GitHub\myengine\engine\src\ecs\systems\PhysicsSystem.cpp,748,19751107149,6476680,2,
Physics::Step,C:\Users\╨┐╨║\Documents\GitHub\myengine\engine\src\ecs\systems\PhysicsSystem.cpp,748,19769783640,6282550,2,
Physics::Step,C:\Users\╨┐╨║\Documents\GitHub\myengine\engine\src\ecs\systems\PhysicsSystem.cpp,748,19790656942,6298121,2,
Physics::Step,C:\Users\╨┐╨║\Documents\GitHub\myengine\engine\src\ecs\systems\PhysicsSystem.cpp,748,19810268528,6578444,2,
Physics::Step,C:\Users\╨┐╨║\Documents\GitHub\myengine\engine\src\ecs\systems\PhysicsSystem.cpp,748,19829166404,6332816,2,
Physics::Step,C:\Users\╨┐╨║\Documents\GitHub\myengine\engine\src\ecs\systems\PhysicsSystem.cpp,748,19835499230,6594595,2,
Physics::Step,C:\Users\╨┐╨║\Documents\GitHub\myengine\engine\src\ecs\systems\PhysicsSystem.cpp,748,19854049462,6743138,2,
Physics::Step,C:\Users\╨┐╨║\Documents\GitHub\myengine\engine\src\ecs\systems\PhysicsSystem.cpp,748,19872453774,6650321,2,
Physics::Step,C:\Users\╨┐╨║\Documents\GitHub\myengine\engine\src\ecs\systems\PhysicsSystem.cpp,748,19891785342,7551166,2,
Physics::Step,C:\Users\╨┐╨║\Documents\GitHub\myengine\engine\src\ecs\systems\PhysicsSystem.cpp,748,19911842461,6642366,2,
Physics::Step,C:\Users\╨┐╨║\Documents\GitHub\myengine\engine\src\ecs\systems\PhysicsSystem.cpp,748,19918485147,7038350,2,
Physics::Step,C:\Users\╨┐╨║\Documents\GitHub\myengine\engine\src\ecs\systems\PhysicsSystem.cpp,748,19937357321,7758149,2,
Physics::Step,C:\Users\╨┐╨║\Documents\GitHub\myengine\engine\src\ecs\systems\PhysicsSystem.cpp,748,19957481848,6571390,2,
Physics::Step,C:\Users\╨┐╨║\Documents\GitHub\myengine\engine\src\ecs\systems\PhysicsSystem.cpp,748,19976069119,6491077,2,
Physics::Step,C:\Users\╨┐╨║\Documents\GitHub\myengine\engine\src\ecs\systems\PhysicsSystem.cpp,748,19995174856,6367603,2,
Physics::Step,C:\Users\╨┐╨║\Documents\GitHub\myengine\engine\src\ecs\systems\PhysicsSystem.cpp,748,20001542499,7339633,2,
Physics::Step,C:\Users\╨┐╨║\Documents\GitHub\myengine\engine\src\ecs\systems\PhysicsSystem.cpp,748,20021551928,7162575,2,
Physics::Step,C:\Users\╨┐╨║\Documents\GitHub\myengine\engine\src\ecs\systems\PhysicsSystem.cpp,748,20040844066,6940963,2,
Physics::Step,C:\Users\╨┐╨║\Documents\GitHub\myengine\engine\src\ecs\systems\PhysicsSystem.cpp,748,20059887680,8101072,2,
Physics::Step,C:\Users\╨┐╨║\Documents\GitHub\myengine\engine\src\ecs\systems\PhysicsSystem.cpp,748,20079687683,6905898,2,
Physics::Step,C:\Users\╨┐╨║\Documents\GitHub\myengine\engine\src\ecs\systems\PhysicsSystem.cpp,748,20086593701,6177901,2,
Physics::Step,C:\Users\╨┐╨║\Documents\GitHub\myengine\engine\src\ecs\systems\PhysicsSystem.cpp,748,20105006134,7085880,2,
Physics::Step,C:\Users\╨┐╨║\Documents\GitHub\myengine\engine\src\ecs\systems\PhysicsSystem.cpp,748,20124965708,8042270,2,
Physics::Step,C:\Users\╨┐╨║\Documents\GitHub\myengine\engine\src\ecs\systems\PhysicsSystem.cpp,748,20144904081,7389678,2,
Physics::Step,C:\Users\╨┐╨║\Documents\GitHub\myengine\engine\src\ecs\systems\PhysicsSystem.cpp,748,20152293880,5798268,2,
Physics::Step,C:\Users\╨┐╨║\Documents\GitHub\myengine\engine\src\ecs\systems\PhysicsSystem.cpp,748,20171194572,6726506,2,
Physics::Step,C:\Users\╨┐╨║\Documents\GitHub\myengine\engine\src\ecs\systems\PhysicsSystem.cpp,748,20194807280,6758977,2,
Physics::Step,C:\Users\╨┐╨║\Documents\GitHub\myengine\engine\src\ecs\systems\PhysicsSystem.cpp,748,20201566398,6748948,2,
Physics::Step,C:\Users\╨┐╨║\Documents\GitHub\myengine\engine\src\ecs\systems\PhysicsSystem.cpp,748,20220168868,7078565,2,
Physics::Step,C:\Users\╨┐╨║\Documents\GitHub\myengine\engine\src\ecs\systems\PhysicsSystem.cpp,748,20240233541,7124914,2,
Physics::Step,C:\Users\╨┐╨║\Documents\GitHub\myengine\engine\src\ecs\systems\PhysicsSystem.cpp,748,20259278493,6404393,2,
Physics::Step,C:\Users\╨┐╨║\Documents\GitHub\myengine\engine\src\ecs\systems\PhysicsSystem.cpp,748,20278480038,6490376,2,
Physics::Step,C:\Users\╨┐╨║\Documents\GitHub\myengine\engine\src\ecs\systems\PhysicsSystem.cpp,748,20284970505,6757705,2,
Physics::Step,C:\Users\╨┐╨║\Documents\GitHub\myengine\engine\src\ecs\systems\PhysicsSystem.cpp,748,20305595104,6516425,2,
Physics::Step,C:\Users\╨┐╨║\Documents\GitHub\myengine\engine\src\ecs\systems\PhysicsSystem.cpp,748,20325000613,6704213,2,
Physics::Step,C:\Users\╨┐╨║\Documents\GitHub\myengine\engine\src\ecs\systems\PhysicsSystem.cpp,748,20344531520,6713390,2,
Physics::Step,C:\Users\╨┐╨║\Documents\GitHub\myengine\engine\src\ecs\systems\PhysicsSystem.cpp,748,20351244930,6719583,2,
Physics::Step,C:\Users\╨┐╨║\Documents\GitHub\myengine\engine\src\ecs\systems\PhysicsSystem.cpp,748,20370204701,6523439,2,
Physics::Step,C:\Users\╨┐╨║\Documents\GitHub\myengine\engine\src\ecs\systems\PhysicsSystem.cpp,748,20389027159,6393141,2,
Physics::Step,C:\Users\╨┐╨║\Documents\GitHub\myengine\engine\src\ecs\systems\PhysicsSystem.cpp,748,20407885155,7439032,2,
Physics::Step,C:\Users\╨┐╨║\Documents\GitHub\myengine\engine\src\ecs\systems\PhysicsSystem.cpp,748,20428053665,6267101,2,
Physics::Step,C:\Users\╨┐╨║\Documents\GitHub\myengine\engine\src\ecs\systems\PhysicsSystem.cpp,748,20434320866,6481149,2,
Physics::Step,C:\Users\╨┐╨║\Documents\GitHub\myengine\engine\src\ecs\systems\PhysicsSystem.cpp,748,20453260098,7208925,2,
Physics::Step,C:\Users\╨┐╨║\Documents\GitHub\myengine\engine\src\ecs\systems\PhysicsSystem.cpp,748,20472475601,8289921,2,
Physics::Step,C:\Users\╨┐╨║\Documents\GitHub\myengine\engine\src\ecs\systems\PhysicsSystem.cpp,748,20493141454,6570378,2,
Physics::Step,C:\Users\╨┐╨║\Documents\GitHub\myengine\engine\src\ecs\systems\PhysicsSystem.cpp,748,20512332477,6756393,2,
Physics::Step,C:\Users\╨┐╨║\Documents\GitHub\myengine\engine\src\ecs\systems\PhysicsSystem.cpp,748,20519088890,5986136,2,
Physics::Step,C:\Users\╨┐╨║\Documents\GitHub\myengine\engine\src\ecs\systems\PhysicsSystem.cpp,748,20537681537,6419331,2,
Physics::Step,C:\Users\╨┐╨║\Documents\GitHub\myengine\engine\src\ecs\systems\PhysicsSystem.cpp,748,20557345497,6436744,2,
Physics::Step,C:\Users\╨┐╨║\Documents\GitHub\myengine\engine\src\ecs\systems\PhysicsSystem.cpp,748,20576398285,6629080,2,
Physics::Step,C:\Users\╨┐╨║\Documents\GitHub\myengine\engine\src\ecs\systems\PhysicsSystem.cpp,748,20596285530,6476470,2,
Physics::Step,C:\Users\╨┐╨║\Documents\GitHub\myengine\engine\src\ecs\systems\PhysicsSystem.cpp,748,20602762090,5851870,2,
Physics::Step,C:\Users\╨┐╨║\Documents\GitHub\myengine\engine\src\ecs\systems\PhysicsSystem.cpp,748,20621723744,7016477,2,
Physics::Step,C:\Users\╨┐╨║\Documents\GitHub\myengine\engine\src\ecs\systems\PhysicsSystem.cpp,748,20641478462,8137642,2,
Physics::Step,C:\Users\╨┐╨║\Documents\GitHub\myengine\engine\src\ecs\systems\PhysicsSystem.cpp,748,20662785415,6875450,2,
Physics::Step,C:\Users\╨┐╨║\Documents\GitHub\myengine\engine\src\ecs\systems\PhysicsSystem.cpp,748,20669660985,6538728,2,
Physics::Step,C:\Users\╨┐╨║\Documents\GitHub\myengine\engine\src\ecs\systems\PhysicsSystem.cpp,748,20688634645,7450895,2,
Physics::Step,C:\Users\╨┐╨║\Documents\GitHub\myengine\engine\src\ecs\systems\PhysicsSystem.cpp,748,20707850413,7134413,2,
Physics::Step,C:\Users\╨┐╨║\Documents\GitHub\myengine\engine\src\ecs\systems\PhysicsSystem.cpp,748,20727579553,6635893,2,
Physics::Step,C:\Users\╨┐╨║\Documents\GitHub\myengine\engine\src\ecs\systems\PhysicsSystem.cpp,748,20734215566,7464812,2,
Physics::Step,C:\Users\╨┐╨║\Documents\GitHub\myengine\engine\src\ecs\systems\PhysicsSystem.cpp,748,20754366579,7091661,2,
Physics::Step,C:\Users\╨┐╨║\Documents\GitHub\myengine\engine\src\ecs\systems\PhysicsSystem.cpp,748,20773479331,7846237,2,
Physics::Step,C:\Users\╨┐╨║\Documents\GitHub\myengine\engine\src\ecs\systems\PhysicsSystem.cpp,748,20793254799,7877717,2,
Physics::Step,C:\Users\╨┐╨║\Documents\GitHub\myengine\engine\src\ecs\systems\PhysicsSystem.cpp,748,20814694800,7413013,2,
Physics::Step,C:\Users\╨┐╨║\Documents\GitHub\myengine\engine\src\ecs\systems\PhysicsSystem.cpp,748,20822107933,6028887,2,
Physics::Step,C:\Users\╨┐╨║\Documents\GitHub\myengine\engine\src\ecs\systems\PhysicsSystem.cpp,748,20839958231,7106309,2,
Physics::Step,C:\Users\╨┐╨║\Documents\GitHub\myengine\engine\src\ecs\systems\PhysicsSystem.cpp,748,20858711343,7898416,2,
Physics::Step,C:\Users\╨┐╨║\Documents\GitHub\myengine\engine\src\ecs\systems\PhysicsSystem.cpp,748,20878567544,6481299,2,
Physics::Step,C:\Users\╨┐╨║\Documents\GitHub\myengine\engine\src\ecs\systems\PhysicsSystem.cpp,748,20885048923,5924469,2,
Physics::Step,C:\Users\╨┐╨║\Documents\GitHub\myengine\engine\src\ecs\systems\PhysicsSystem.cpp,748,20902895283,7070110,2,
Physics::Step,C:\Users\╨┐╨║\Documents\GitHub\myengine\engine\src\ecs\systems\PhysicsSystem.cpp,748,20922033152,7491713,2,
Physics::Step,C:\Users\╨┐╨║\Documents\GitHub\myengine\engine\src\ecs\systems\PhysicsSystem.cpp,748,20941391956,7919713,2,
Physics::Step,C:\Users\╨┐╨║\Documents\GitHub\myengine\engine\src\ecs\systems\PhysicsSystem.cpp,748,20961159730,6538307,2,
Physics::Step,C:\Users\╨┐╨║\Documents\GitHub\myengine\engine\src\ecs\systems\PhysicsSystem.cpp,748,20967698048,6984025,2,
Physics::Step,C:\Users\╨┐╨║\Documents\GitHub\myengine\engine\src\ecs\systems\PhysicsSystem.cpp,748,20986860663,6615104,2,
Physics::Step,C:\Users\╨┐╨║\Documents\GitHub\myengine\engine\src\ecs\systems\PhysicsSystem.cpp,748,21005445259,7687706,2,
Physics::Step,C:\Users\╨┐╨║\Documents\GitHub\myengine\engine\src\ecs\systems\PhysicsSystem.cpp,748,21025348149,6871712,2,
Physics::Step,C:\Users\╨┐╨║\Documents\GitHub\myengine\engine\src\ecs\systems\PhysicsSystem.cpp,748,21044108790,6991090,2,
Physics::Step,C:\Users\╨┐╨║\Documents\GitHub\myengine\engine\src\ecs\systems\PhysicsSystem.cpp,748,21051100280,6345340,2,
Physics::Step,C:\Users\╨┐╨║\Documents\GitHub\myengine\engine\src\ecs\systems\PhysicsSystem.cpp,748,21069603562,7314485,2,
Physics::Step,C:\Users\╨┐╨║\Documents\GitHub\myengine\engine\src\ecs\systems\PhysicsSystem.cpp,748,21088942328,6987092,2,
Physics::Step,C:\Users\╨┐╨║\Documents\GitHub\myengine\engine\src\ecs\systems\PhysicsSystem.cpp,748,21107914592,7048077,2,
Physics::Step,C:\Users\╨┐╨║\Documents\GitHub\myengine\engine\src\ecs\systems\PhysicsSystem.cpp,748,21127400408,6822068,2,
Physics::Step,C:\Users\╨┐╨║\Documents\GitHub\myengine\engine\src\ecs\systems\PhysicsSystem.cpp,748,21134222576,5934428,2,
Physics::Step,C:\Users\╨┐╨║\Documents\GitHub\myengine\engine\src\ecs\systems\PhysicsSystem.cpp,748,21152247777,6915716,2,
Physics::Step,C:\Users\╨┐╨║\Documents\GitHub\myengine\engine\src\ecs\systems\PhysicsSystem.cpp,748,21170919388,7098384,2,
Physics::Step,C:\Users\╨┐╨║\Documents\GitHub\myengine\engine\src\ecs\systems\PhysicsSystem.cpp,748,21189858328,7289558,2,
Physics::Step,C:\Users\╨┐╨║\Documents\GitHub\myengine\engine\src\ecs\systems\PhysicsSystem.cpp,748,21209668733,7490640,2,
Physics::Step,C:\Users\╨┐╨║\Documents\GitHub\myengine\engine\src\ecs\systems\PhysicsSystem.cpp,748,21231950906,8480492,2,
Physics::Step,C:\Users\╨┐╨║\Documents\GitHub\myengine\engine\src\ecs\systems\PhysicsSystem.cpp,748,21240431478,6181879,2,
Physics::Step,C:\Users\╨┐╨║\Documents\GitHub\myengine\engine\src\ecs\systems\PhysicsSystem.cpp,748,21258524814,7309920,2,
Physics::Step,C:\Users\╨┐╨║\Documents\GitHub\myengine\engine\src\ecs\systems\PhysicsSystem.cpp,748,21277524788,6736154,2,
Physics::Step,C:\Users\╨┐╨║\Documents\GitHub\myengine\engine\src\ecs\systems\PhysicsSystem.cpp,748,21284260952,6520965,2,
Physics::Step,C:\Users\╨┐╨║\Documents\GitHub\myengine\engine\src\ecs\systems\PhysicsSystem.cpp,748,21302601779,6676130,2,
Physics::Step,C:\Users\╨┐╨║\Documents\GitHub\myengine\engine\src\ecs\systems\PhysicsSystem.cpp,748,21323850411,7553260,2,
Physics::Step,C:\Users\╨┐╨║\Documents\GitHub\myengine\engine\src\ecs\systems\PhysicsSystem.cpp,748,21343328360,8149073,2,
Physics::Step,C:\Users\╨┐╨║\Documents\GitHub\myengine\engine\src\ecs\systems\PhysicsSystem.cpp,748,21363586070,7335896,2,
Physics::Step,C:\Users\╨┐╨║\Documents\GitHub\myengine\engine\src\ecs\systems\PhysicsSystem.cpp,748,21370922026,5934518,2,
Physics::Step,C:\Users\╨┐╨║\Documents\GitHub\myengine\engine\src\ecs\systems\PhysicsSystem.cpp,748,21388716748,6844701,2,
Physics::Step,C:\Users\╨┐╨║\Documents\GitHub\myengine\engine\src\ecs\systems\PhysicsSystem.cpp,748,21407406303,7388727,2,
Physics::Step,C:\Users\╨┐╨║\Documents\GitHub\myengine\engine\src\ecs\systems\PhysicsSystem.cpp,748,21426460063,7494257,2,
Physics::Step,C:\Users\╨┐╨║\Documents\GitHub\myengine\engine\src\ecs\systems\PhysicsSystem.cpp,748,21446100218,7343951,2,
Physics::Step,C:\Users\╨┐╨║\Documents\GitHub\myengine\engine\src\ecs\systems\PhysicsSystem.cpp,748,21453444189,6087459,2,
Physics::Step,C:\Users\╨┐╨║\Documents\GitHub\myengine\engine\src\ecs\systems\PhysicsSystem.cpp,748,21471214134,7356795,2,
Physics::Step,C:\Users\╨┐╨║\Documents\GitHub\myengine\engine\src\ecs\systems\PhysicsSystem.cpp,748,21490844300,7101730,2,
Physics::Step,C:\Users\╨┐╨║\Documents\GitHub\myengine\engine\src\ecs\systems\PhysicsSystem.cpp,748,21509933767,6925364,2,
Physics::Step,C:\Users\╨┐╨║\Documents\GitHub\myengine\engine\src\ecs\systems\PhysicsSystem.cpp,748,21529139074,6612058,2,
Physics::Step,C:\Users\╨┐╨║\Documents\GitHub\myengine\engine\src\ecs\systems\PhysicsSystem.cpp,748,21535751222,6455740,2,
Physics::Step,C:\Users\╨┐╨║\Documents\GitHub\myengine\engine\src\ecs\systems\PhysicsSystem.cpp,748,21554760176,6769167,2,
Physics::Step,C:\Users\╨┐╨║\Documents\GitHub\myengine\engine\src\ecs\systems\PhysicsSystem.cpp,748,21573496320,7122409,2,
Physics::Step,C:\Users\╨┐╨║\Documents\GitHub\myengine\engine\src\ecs\systems\PhysicsSystem.cpp,748,21592830764,7324654,2,
Physics::Step,C:\Users\╨┐╨║\Documents\GitHub\myengine\engine\src\ecs\systems\PhysicsSystem.cpp,748,21612606877,7354682,2,
Physics::Step,C:\Users\╨┐╨║\Documents\GitHub\myengine\engine\src\ecs\systems\PhysicsSystem.cpp,748,21619961679,6240761,2,
Physics::Step,C:\Users\╨┐╨║\Documents\GitHub\myengine\engine\src\ecs\systems\PhysicsSystem.cpp,748,21638177082,7191060,2,
Physics::Step,C:\Users\╨┐╨║\Documents\GitHub\myengine\engine\src\ecs\systems\PhysicsSystem.cpp,748,21658036995,7717643,2,
Physics::Step,C:\Users\╨┐╨║\Documents\GitHub\myengine\engine\src\ecs\systems\PhysicsSystem.cpp,748,21679024857,7274699,2,
Physics::Step,C:\Users\╨┐╨║\Documents\GitHub\myengine\engine\src\ecs\systems\PhysicsSystem.cpp,748,21686299616,6726766,2,
Physics::Step,C:\Users\╨┐╨║\Documents\GitHub\myengine\engine\src\ecs\systems\PhysicsSystem.cpp,748,21705587535,6760059,2,
Physics::Step,C:\Users\╨┐╨║\Documents\GitHub\myengine\engine\src\ecs\systems\PhysicsSystem.cpp,748,21724941601,7185600,2,
Physics::Step,C:\Users\╨┐╨║\Documents\GitHub\myengine\engine\src\ecs\systems\PhysicsSystem.cpp,748,21745588493,6915866,2,
Physics::Step,C:\Users\╨┐╨║\Documents\GitHub\myengine\engine\src\ecs\systems\PhysicsSystem.cpp,748,21752504389,6048675,2,
Physics::Step,C:\Users\╨┐╨║\Documents\GitHub\myengine\engine\src\ecs\systems\PhysicsSystem.cpp,748,21771163678,6655294,2,
Physics::Step,C:\Users\╨┐╨║\Documents\GitHub\myengine\engine\src\ecs\systems\PhysicsSystem.cpp,748,21789253531,7750926,2,
Physics::Step,C:\Users\╨┐╨║\Documents\GitHub\myengine\engine\src\ecs\systems\PhysicsSystem.cpp,748,21808887999,6719132,2,
Physics::Step,C:\Users\╨┐╨║\Documents\GitHub\myengine\engine\src\ecs\systems\PhysicsSystem.cpp,748,21828856822,6834240,2,
Physics::Step,C:\Users\╨┐╨║\Documents\GitHub\myengine\engine\src\ecs\systems\PhysicsSystem.cpp,748,21835691173,6383372,2,
Physics::Step,C:\Users\╨┐╨║\Documents\GitHub\myengine\engine\src\ecs\systems\PhysicsSystem.cpp,748,21853790960,6722779,2,
Physics::Step,C:\Users\╨┐╨║\Documents\GitHub\myengine\engine\src\ecs\systems\PhysicsSystem.cpp,748,21872447337,7047256,2,
Physics::Step,C:\Users\╨┐╨║\Documents\GitHub\myengine\engine\src\ecs\systems\PhysicsSystem.cpp,748,21891465322,7036116,2,
Physics::Step,C:\Users\╨┐╨║\Documents\GitHub\myengine\engine\src\ecs\systems\PhysicsSystem.cpp,748,21910875891,6992512,2,
Physics::Step,C:\Users\╨┐╨║\Documents\GitHub\myengine\engine\src\ecs\systems\PhysicsSystem.cpp,748,21917868574,5988360,2,
Physics::Step,C:\Users\╨┐╨║\Documents\GitHub\myengine\engine\src\ecs\systems\PhysicsSystem.cpp,748,21935833764,6668746,2,
Physics::Step,C:\Users\╨┐╨║\Documents\GitHub\myengine\engine\src\ecs\systems\PhysicsSystem.cpp,748,21954456905,7149931,2,
Physics::Step,C:\Users\╨┐╨║\Documents\GitHub\myengine\engine\src\ecs\systems\PhysicsSystem.cpp,748,21976426340,8443844,2,
Physics::Step,C:\Users\╨┐╨║\Documents\GitHub\myengine\engine\src\ecs\systems\PhysicsSystem.cpp,748,21997190314,7280901,2,
Physics::Step,C:\Users\╨┐╨║\Documents\GitHub\myengine\engine\src\ecs\systems\PhysicsSystem.cpp,748,22004471435,6805917,2,
Physics::Step,C:\Users\╨┐╨║\Documents\GitHub\myengine\engine\src\ecs\systems\PhysicsSystem.cpp,748,22023346895,7835006,2,
Physics::Step,C:\Users\╨┐╨║\Documents\GitHub\myengine\engine\src\ecs\systems\PhysicsSystem.cpp,748,22043251810,7130569,2,
Physics::Step,C:\Users\╨┐╨║\Documents\GitHub\myengine\engine\src\ecs\systems\PhysicsSystem.cpp,748,22062516535,7452287,2,
Physics::Step,C:\Users\╨┐╨║\Documents\GitHub\myengine\engine\src\ecs\systems\PhysicsSystem.cpp,748,22069968902,6083362,2,
Physics::Step,C:\Users\╨┐╨║\Documents\GitHub\myengine\engine\src\ecs\systems\PhysicsSystem.cpp,748,22087821448,7023862,2,
Physics::Step,C:\Users\╨┐╨║\Documents\GitHub\myengine\engine\src\ecs\systems\PhysicsSystem.cpp,748,22106913751,7352608,2,
Physics::Step,C:\Users\╨┐╨║\Documents\GitHub\myengine\engine\src\ecs\systems\PhysicsSystem.cpp,748,22126403932,7706831,2,
Physics::Step,C:\Users\╨┐╨║\Documents\GitHub\myengine\engine\src\ecs\systems\PhysicsSystem.cpp,748,22146236598,8014613,2,
Physics::Step,C:\Users\╨┐╨║\Documents\GitHub\myengine\engine\src\ecs\systems\PhysicsSystem.cpp,748,22154251231,5961429,2,
Physics::Step,C:\Users\╨┐╨║\Documents\GitHub\myengine\engine\src\ecs\systems\PhysicsSystem.cpp,748,22172692238,7058949,2,
Physics::Step,C:\Users\╨┐╨║\Documents\GitHub\myengine\engine\src\ecs\systems\PhysicsSystem.cpp,748,22191884080,8413357,2,
Physics::Step,C:\Users\╨┐╨║\Documents\GitHub\myengine\engine\src\ecs\systems\PhysicsSystem.cpp,748,22213213937,7434076,2,
Physics::Step,C:\Users\╨┐╨║\Documents\GitHub\myengine\engine\src\ecs\systems\PhysicsSystem.cpp,748,22220648114,5907135,2,
Physics::Step,C:\Users\╨┐╨║\Documents\GitHub\myengine\engine\src\ecs\systems\PhysicsSystem.cpp,748,22239317552,7171453,2,
Physics::Step,C:\Users\╨┐╨║\Documents\GitHub\myengine\engine\src\ecs\systems\PhysicsSystem.cpp,748,22258789001,6448457,2,
Physics::Step,C:\Users\╨┐╨║\Documents\GitHub\myengine\engine\src\ecs\systems\PhysicsSystem.cpp,748,22277505953,6520323,2,
Physics::Step,C:\Users\╨┐╨║\Documents\GitHub\myengine\engine\src\ecs\systems\PhysicsSystem.cpp,748,22284026306,6501979,2,
Physics::Step,C:\Users\╨┐╨║\Documents\GitHub\myengine\engine\src\ecs\systems\PhysicsSystem.cpp,748,22302458637,7086491,2,
Physics::Step,C:\Users\╨┐╨║\Documents\GitHub\myengine\engine\src\ecs\systems\PhysicsSystem.cpp,748,22321682260,6641003,2,
Physics::Step,C:\Users\╨┐╨║\Documents\GitHub\myengine\engine\src\ecs\systems\PhysicsSystem.cpp,748,22343007524,6372401,2,
Physics::Step,C:\Users\╨┐╨║\Documents\GitHub\myengine\engine\src\ecs\systems\PhysicsSystem.cpp,748,22361742285,6418840,2,
Physics::Step,C:\Users\╨┐╨║\Documents\GitHub\myengine\engine\src\ecs\systems\PhysicsSystem.cpp,748,22368161325,6456472,2,
Physics::Step,C:\Users\╨┐╨║\Documents\GitHub\myengine\engine\src\ecs\systems\PhysicsSystem.cpp,748,22386491717,6443107,2,
Physics::Step,C:\Users\╨┐╨║\Documents\GitHub\myengine\engine\src\ecs\systems\PhysicsSystem.cpp,748,22405174760,6415494,2,
Physics::Step,C:\Users\╨┐╨║\Documents\GitHub\myengine\engine\src\ecs\systems\PhysicsSystem.cpp,748,22424512009,7214334,2,
Physics::Step,C:\Users\╨┐╨║\Documents\GitHub\myengine\engine\src\ecs\systems\PhysicsSystem.cpp,748,22444317128,6219250,2,
Physics::Step,C:\Users\╨┐╨║\Documents\GitHub\myengine\engine\src\ecs\systems\PhysicsSystem.cpp,748,22450536418,6385727,2,
Physics::Step,C:\Users\╨┐╨║\Documents\GitHub\myengine\engine\src\ecs\systems\PhysicsSystem.cpp,748,22468852102,6166530,2,
Physics::Step,C:\Users\╨┐╨║\Documents\GitHub\myengine\engine\src\ecs\systems\PhysicsSystem.cpp,748,22487459651,6543538,2,
Physics::Step,C:\Users\╨┐╨║\Documents\GitHub\myengine\engine\src\ecs\systems\PhysicsSystem.cpp,748,22506195776,8958585,2,
Physics::Step,C:\Users\╨┐╨║\Documents\GitHub\myengine\engine\src\ecs\systems\PhysicsSystem.cpp,748,22528111693,7351586,2,
Physics::Step,C:\Users\╨┐╨║\Documents\GitHub\myengine\engine\src\ecs\systems\PhysicsSystem.cpp,748,22535463409,6289544,2,
Physics::Step,C:\Users\╨┐╨║\Documents\GitHub\myengine\engine\src\ecs\systems\PhysicsSystem.cpp,748,22553608158,8004428,2,
Physics::Step,C:\Users\╨┐╨║\Documents\GitHub\myengine\engine\src\ecs\systems\PhysicsSystem.cpp,748,22574575355,7219988,2,
Physics::Step,C:\Users\╨┐╨║\Documents\GitHub\myengine\engine\src\ecs\systems\PhysicsSystem.cpp,748,22594826361,7270301,2,
Physics::Step,C:\Users\╨┐╨║\Documents\GitHub\myengine\engine\src\ecs\systems\PhysicsSystem.cpp,748,22602096812,6233728,2,
Physics::Step,C:\Users\╨┐╨║\Documents\GitHub\myengine\engine\src\ecs\systems\PhysicsSystem.cpp,748,22620759919,6316368,2,
Physics::Step,C:\Users\╨┐╨║\Documents\GitHub\myengine\engine\src\ecs\systems\PhysicsSystem.cpp,748,22639834182,6977978,2,
Physics::Step,C:\Users\╨┐╨║\Documents\GitHub\myengine\engine\src\ecs\systems\PhysicsSystem.cpp,748,22659396058,6978455,2,
Physics::Step,C:\Users\╨┐╨║\Documents\GitHub\myengine\engine\src\ecs\systems\PhysicsSystem.cpp,748,22678430611,7391545,2,
Physics::Step,C:\Users\╨┐╨║\Documents\GitHub\myengine\engine\src\ecs\systems\PhysicsSystem.cpp,748,22685822186,6494774,2,
Physics::Step,C:\Users\╨┐╨║\Documents\GitHub\myengine\engine\src\ecs\systems\PhysicsSystem.cpp,748,22706540946,6948719,2,
Physics::Step,C:\Users\╨┐╨║\Documents\GitHub\myengine\engine\src\ecs\systems\PhysicsSystem.cpp,748,22726167355,6616536,2,
Physics::Step,C:\Users\╨┐╨║\Documents\GitHub\myengine\engine\src\ecs\systems\PhysicsSystem.cpp,748,22745459227,7517532,2,
Physics::Step,C:\Users\╨┐╨║\Documents\GitHub\myengine\engine\src\ecs\systems\PhysicsSystem.cpp,748,22752976909,7360152,2,
Physics::Step,C:\Users\╨┐╨║\Documents\GitHub\myengine\engine\src\ecs\systems\PhysicsSystem.cpp,748,22773698122,6327937,2,
Physics::Step,C:\Users\╨┐╨║\Documents\GitHub\myengine\engine\src\ecs\systems\PhysicsSystem.cpp,748,22792245317,6539399,2,
Physics::Step,C:\Users\╨┐╨║\Documents\GitHub\myengine\engine\src\ecs\systems\PhysicsSystem.cpp,748,22811024563,6234148,2,
Physics::Step,C:\Users\╨┐╨║\Documents\GitHub\myengine\engine\src\ecs\systems\PhysicsSystem.cpp,748,22817258761,6825004,2,
Physics::Step,C:\Users\╨┐╨║\Documents\GitHub\myengine\engine\src\ecs\systems\PhysicsSystem.cpp,748,22836050857,6312447,2,
Physics::Step,C:\Users\╨┐╨║\Documents\GitHub\myengine\engine\src\ecs\systems\PhysicsSystem.cpp,748,22856557843,7236997,2,
Physics::Step,C:\Users\╨┐╨║\Documents\GitHub\myengine\engine\src\ecs\systems\PhysicsSystem.cpp,748,22877002884,6712634,2,
Physics::Step,C:\Users\╨┐╨║\Documents\GitHub\myengine\engine\src\ecs\systems\PhysicsSystem.cpp,748,22896318277,6821347,2,
Physics::Step,C:\Users\╨┐╨║\Documents\GitHub\myengine\engine\src\ecs\systems\PhysicsSystem.cpp,748,22903139624,6642586,2,
Physics::Step,C:\Users\╨┐╨║\Documents\GitHub\myengine\engine\src\ecs\systems\PhysicsSystem.cpp,748,22921647097,6203409,2,
Physics::Step,C:\Users\╨┐╨║\Documents\GitHub\myengine\engine\src\ecs\systems\PhysicsSystem.cpp,748,22940384534,6639650,2,
Physics::Step,C:\Users\╨┐╨║\Documents\GitHub\myengine\engine\src\ecs\systems\PhysicsSystem.cpp,748,22959042910,6994426,2,
Physics::Step,C:\Users\╨┐╨║\Documents\GitHub\myengine\engine\src\ecs\systems\PhysicsSystem.cpp,748,22978996933,6545711,2,
Physics::Step,C:\Users\╨┐╨║\Documents\GitHub\myengine\engine\src\ecs\systems\PhysicsSystem.cpp,748,22985542674,6858758,2,
Physics::Step,C:\Users\╨┐╨║\Documents\GitHub\myengine\engine\src\ecs\systems\PhysicsSystem.cpp,748,23004202874,7182925,2,
Physics::Step,C:\Users\╨┐╨║\Documents\GitHub\myengine\engine\src\ecs\systems\PhysicsSystem.cpp,748,23023158191,6320122,2,
Physics::Step,C:\Users\╨┐╨║\Documents\GitHub\myengine\engine\src\ecs\systems\PhysicsSystem.cpp,748,23042181632,6318248,2,
Physics::Step,C:\Users\╨┐╨║\Documents\GitHub\myengine\engine\src\ecs\systems\PhysicsSystem.cpp,748,23060867290,6247814,2,
Physics::Step,C:\Users\╨┐╨║\Documents\GitHub\myengine\engine\src\ecs\systems\PhysicsSystem.cpp,748,23067115124,7621610,2,
Physics::Step,C:\Users\╨┐╨║\Documents\GitHub\myengine\engine\src\ecs\systems\PhysicsSystem.cpp,748,23087300573,7358007,2,
Physics::Step,C:\Users\╨┐╨║\Documents\GitHub\myengine\engine\src\ecs\systems\PhysicsSystem.cpp,748,23106504968,6512979,2,
Physics::Step,C:\Users\╨┐╨║\Documents\GitHub\myengine\engine\src\ecs\systems\PhysicsSystem.cpp,748,23125600831,7134442,2,
Physics::Step,C:\Users\╨┐╨║\Documents\GitHub\myengine\engine\src\ecs\systems\PhysicsSystem.cpp,748,23144855584,6998574,2,
Physics::Step,C:\Users\╨┐╨║\Documents\GitHub\myengine\engine\src\ecs\systems\PhysicsSystem.cpp,748,23151854178,6226624,2,
Physics::Step,C:\Users\╨┐╨║\Documents\GitHub\myengine\engine\src\ecs\systems\PhysicsSystem.cpp,748,23170024980,6156099,2,
Physics::Step,C:\Users\╨┐╨║\Documents\GitHub\myengine\engine\src\ecs\systems\PhysicsSystem.cpp,748,23189302595,6890899,2,
Physics::Step,C:\Users\╨┐╨║\Documents\GitHub\myengine\engine\src\ecs\systems\PhysicsSystem.cpp,748,23209073540,6949831,2,
Physics::Step,C:\Users\╨┐╨║\Documents\GitHub\myengine\engine\src\ecs\systems\PhysicsSystem.cpp,748,23228506009,6124951,2,
Physics::Step,C:\Users\╨┐╨║\Documents\GitHub\myengine\engine\src\ecs\systems\PhysicsSystem.cpp,748,23234630990,7216719,2,
Physics::Step,C:\Users\╨┐╨║\Documents\GitHub\myengine\engine\src\ecs\systems\PhysicsSystem.cpp,748,23253556816,6601788,2,
Physics::Step,C:\Users\╨┐╨║\Documents\GitHub\myengine\engine\src\ecs\systems\PhysicsSystem.cpp,748,23272278788,7744557,2,
Physics::Step,C:\Users\╨┐╨║\Documents\GitHub\myengine\engine\src\ecs\systems\PhysicsSystem.cpp,748,23292408350,7368698,2,
Physics::Step,C:\Users\╨┐╨║\Documents\GitHub\myengine\engine\src\ecs\systems\PhysicsSystem.cpp,748,23312221890,6160799,2,
Physics::Step,C:\Users\╨┐╨║\Documents\GitHub\myengine\engine\src\ecs\systems\PhysicsSystem.cpp,748,23318382709,7248760,2,
Physics::Step,C:\Users\╨┐╨║\Documents\GitHub\myengine\engine\src\ecs\systems\PhysicsSystem.cpp,748,23337599548,6784817,2,
Physics::Step,C:\Users\╨┐╨║\Documents\GitHub\myengine\engine\src\ecs\systems\PhysicsSystem.cpp,748,23358291646,6309863,2,
Physics::Step,C:\Users\╨┐╨║\Documents\GitHub\myengine\engine\src\ecs\systems\PhysicsSystem.cpp,748,23377045013,6424110,2,
Physics::Step,C:\Users\╨┐╨║\Documents\GitHub\myengine\engine\src\ecs\systems\PhysicsSystem.cpp,748,23395784554,7246896,2,
Physics::Step,C:\Users\╨┐╨║\Documents\GitHub\myengine\engine\src\ecs\systems\PhysicsSystem.cpp,748,23403031590,6778094,2,
Physics::Step,C:\Users\╨┐╨║\Documents\GitHub\myengine\engine\src\ecs\systems\PhysicsSystem.cpp,748,23422174869,6810506,2,
Physics::Step,C:\Users\╨┐╨║\Documents\GitHub\myengine\engine\src\ecs\systems\PhysicsSystem.cpp,748,23441280578,7156708,2,
Physics::Step,C:\Users\╨┐╨║\Documents\GitHub\myengine\engine\src\ecs\systems\PhysicsSystem.cpp,748,23460106738,7855629,2,
Physics::Step,C:\Users\╨┐╨║\Documents\GitHub\myengine\engine\src\ecs\systems\PhysicsSystem.cpp,748,23480179018,8444333,2,
Physics::Step,C:\Users\╨┐╨║\Documents\GitHub\myengine\engine\src\ecs\systems\PhysicsSystem.cpp,748,23488623711,7127790,2,
Physics::Step,C:\Users\╨┐╨║\Documents\GitHub\myengine\engine\src\ecs\systems\PhysicsSystem.cpp,748,23507407939,6928169,2,
Physics::Step,C:\Users\╨┐╨║\Documents\GitHub\myengine\engine\src\ecs\systems\PhysicsSystem.cpp,748,23526581789,6696694,2,
Physics::Step,C:\Users\╨┐╨║\Documents\GitHub\myengine\engine\src\ecs\systems\PhysicsSystem.cpp,748,23546391789,6474657,2,
Physics::Step,C:\Users\╨┐╨║\Documents\GitHub\myengine\engine\src\ecs\systems\PhysicsSystem.cpp,748,23552866616,6793493,2,
Physics::Step,C:\Users\╨┐╨║\Documents\GitHub\myengine\engine\src\ecs\systems\PhysicsSystem.cpp,748,23571312162,6263724,2,
Physics::Step,C:\Users\╨┐╨║\Documents\GitHub\myengine\engine\src\ecs\systems\PhysicsSystem.cpp,748,23589839930,6563776,2,
Physics::Step,C:\Users\╨┐╨║\Documents\GitHub\myengine\engine\src\ecs\systems\PhysicsSystem.cpp,748,23608450931,6460643,2,
Physics::Step,C:\Users\╨┐╨║\Documents\GitHub\myengine\engine\src\ecs\systems\PhysicsSystem.cpp,748,23627666052,6391297,2,
Physics::Step,C:\Users\╨┐╨║\Documents\GitHub\myengine\engine\src\ecs\systems\PhysicsSystem.cpp,748,23634057479,8299541,2,
Physics::Step,C:\Users\╨┐╨║\Documents\GitHub\myengine\engine\src\ecs\systems\PhysicsSystem.cpp,748,23654244556,6592240,2,
Physics::Step,C:\Users\╨┐╨║\Documents\GitHub\myengine\engine\src\ecs\systems\PhysicsSystem.cpp,748,23672683474,6207738,2,
Physics::Step,C:\Users\╨┐╨║\Documents\GitHub\myengine\engine\src\ecs\systems\PhysicsSystem.cpp,748,23691869725,6262262,2,
Physics::Step,C:\Users\╨┐╨║\Documents\GitHub\myengine\engine\src\ecs\systems\PhysicsSystem.cpp,748,23710763749,7315882,2,
Physics::Step,C:\Users\╨┐╨║\Documents\GitHub\myengine\engine\src\ecs\systems\PhysicsSystem.cpp,748,23718079671,7521149,2,
Physics::Step,C:\Users\╨┐╨║\Documents\GitHub\myengine\engine\src\ecs\systems\PhysicsSystem.cpp,748,23738141641,9801620,2,
Physics::Step,C:\Users\╨┐╨║\Documents\GitHub\myengine\engine\src\ecs\systems\PhysicsSystem.cpp,748,23759433295,6974638,2,
Physics::Step,C:\Users\╨┐╨║\Documents\GitHub\myengine\engine\src\ecs\systems\PhysicsSystem.cpp,748,23778463925,6903943,2,
Physics::Step,C:\Users\╨┐╨║\Documents\GitHub\myengine\engine\src\ecs\systems\PhysicsSystem.cpp,748,23785367888,5940109,2,
Physics::Step,C:\Users\╨┐╨║\Documents\GitHub\myengine\engine\src\ecs\systems\PhysicsSystem.cpp,748,23803051615,6272792,2,
Physics::Step,C:\Users\╨┐╨║\Documents\GitHub\myengine\engine\src\ecs\systems\PhysicsSystem.cpp,748,23821443188,6952118,2,
Physics::Step,C:\Users\╨┐╨║\Documents\GitHub\myengine\engine\src\ecs\systems\PhysicsSystem.cpp,748,23840721705,7339270,2,
Physics::Step,C:\Users\╨┐╨║\Documents\GitHub\myengine\engine\src\ecs\systems\PhysicsSystem.cpp,748,23861875892,6121705,2,
Physics::Step,C:\Users\╨┐╨║\Documents\GitHub\myengine\engine\src\ecs\systems\PhysicsSystem.cpp,748,23867997607,6971812,2,
Physics::Step,C:\Users\╨┐╨║\Documents\GitHub\myengine\engine\src\ecs\systems\PhysicsSystem.cpp,748,23886694786,6715545,2,
Physics::Step,C:\Users\╨┐╨║\Documents\GitHub\myengine\engine\src\ecs\systems\PhysicsSystem.cpp,748,23905543104,6868035,2,
Physics::Step,C:\Users\╨┐╨║\Documents\GitHub\myengine\engine\src\ecs\systems\PhysicsSystem.cpp,748,23924349677,6168774,2,
Physics::Step,C:\Users\╨┐╨║\Documents\GitHub\myengine\engine\src\ecs\systems\PhysicsSystem.cpp,748,23942908550,8423790,2,
Physics::Step,C:\Users\╨┐╨║\Documents\GitHub\myengine\engine\src\ecs\systems\PhysicsSystem.cpp,748,23963871856,7591879,2,
Physics::Step,C:\Users\╨┐╨║\Documents\GitHub\myengine\engine\src\ecs\systems\PhysicsSystem.cpp,748,23971463875,7211399,2,
Physics::Step,C:\Users\╨┐╨║\Documents\GitHub\myengine\engine\src\ecs\systems\PhysicsSystem.cpp,748,23991004082,6439543,2,
Physics::Step,C:\Users\╨┐╨║\Documents\GitHub\myengine\engine\src\ecs\systems\PhysicsSystem.cpp,748,24010153087,6713174,2,
Physics::Step,C:\Users\╨┐╨║\Documents\GitHub\myengine\engine\src\ecs\systems\PhysicsSystem.cpp,748,24029339985,6197528,2,
Physics::Step,C:\Users\╨┐╨║\Documents\GitHub\myengine\engine\src\ecs\systems\PhysicsSystem.cpp,748,24035537523,6612409,2,
Physics::Step,C:\Users\╨┐╨║\Documents\GitHub\myengine\engine\src\ecs\systems\PhysicsSystem.cpp,748,24054606521,6993333,2,
Physics::Step,C:\Users\╨┐╨║\Documents\GitHub\myengine\engine\src\ecs\systems\PhysicsSystem.cpp,748,24074133110,6820168,2,
Physics::Step,C:\Users\╨┐╨║\Documents\GitHub\myengine\engine\src\ecs\systems\PhysicsSystem.cpp,748,24093529587,6584628,2,
Physics::Step,C:\Users\╨┐╨║\Documents\GitHub\myengine\engine\src\ecs\systems\PhysicsSystem.cpp,748,24112641967,6406426,2,
Physics::Step,C:\Users\╨┐╨║\Documents\GitHub\myengine\engine\src\ecs\systems\PhysicsSystem.cpp,748,24119048453,6540912,2,
Physics::Step,C:\Users\╨┐╨║\Documents\GitHub\myengine\engine\src\ecs\systems\PhysicsSystem.cpp,748,24137289549,6318969,2,
Physics::Step,C:\Users\╨┐╨║\Documents\GitHub\myengine\engine\src\ecs\systems\PhysicsSystem.cpp,748,24156393174,6867424,2,
Physics::Step,C:\Users\╨┐╨║\Documents\GitHub\myengine\engine\src\ecs\systems\PhysicsSystem.cpp,748,24175689835,7268858,2,
Physics::Step,C:\Users\╨┐╨║\Documents\GitHub\myengine\engine\src\ecs\systems\PhysicsSystem.cpp,748,24194840248,6758928,2,
Physics::Step,C:\Users\╨┐╨║\Documents\GitHub\myengine\engine\src\ecs\systems\PhysicsSystem.cpp,748,24201599196,7084126,2,
Physics::Step,C:\Users\╨┐╨║\Documents\GitHub\myengine\engine\src\ecs\systems\PhysicsSystem.cpp,748,24220574355,6361631,2,
Physics::Step,C:\Users\╨┐╨║\Documents\GitHub\myengine\engine\src\ecs\systems\PhysicsSystem.cpp,748,24239723926,6672784,2,
Physics::Step,C:\Users\╨┐╨║\Documents\GitHub\myengine\engine\src\ecs\systems\PhysicsSystem.cpp,748,24258812521,6596368,2,
Physics::Step,C:\Users\╨┐╨║\Documents\GitHub\myengine\engine\src\ecs\systems\PhysicsSystem.cpp,748,24277759046,6926406,2,
Physics::Step,C:\Users\╨┐╨║\Documents\GitHub\myengine\engine\src\ecs\systems\PhysicsSystem.cpp,748,24284685552,6731886,2,
Physics::Step,C:\Users\╨┐╨║\Documents\GitHub\myengine\engine\src\ecs\systems\PhysicsSystem.cpp,748,24303197159,6484385,2,
Physics::Step,C:\Users\╨┐╨║\Documents\GitHub\myengine\engine\src\ecs\systems\PhysicsSystem.cpp,748,24322196835,6934903,2,
Physics::Step,C:\Users\╨┐╨║\Documents\GitHub\myengine\engine\src\ecs\systems\PhysicsSystem.cpp,748,24341009200,6725869,2,
Physics::Step,C:\Users\╨┐╨║\Documents\GitHub\myengine\engine\src\ecs\systems\PhysicsSystem.cpp,748,24360698704,6362586,2,
Physics::Step,C:\Users\╨┐╨║\Documents\GitHub\myengine\engine\src\ecs\systems\PhysicsSystem.cpp,748,24367061330,6550190,2,
Physics::Step,C:\Users\╨┐╨║\Documents\GitHub\myengine\engine\src\ecs\systems\PhysicsSystem.cpp,748,24386552308,6671561,2,
Physics::Step,C:\Users\╨┐╨║\Documents\GitHub\myengine\engine\src\ecs\systems\PhysicsSystem.cpp,748,24405172081,7005556,2,
Physics::Step,C:\Users\╨┐╨║\Documents\GitHub\myengine\engine\src\ecs\systems\PhysicsSystem.cpp,748,24424430779,6496438,2,
Physics::Step,C:\Users\╨┐╨║\Documents\GitHub\myengine\engine\src\ecs\systems\PhysicsSystem.cpp,748,24443466955,6635456,2,
Physics::Step,C:\Users\╨┐╨║\Documents\GitHub\myengine\engine\src\ecs\systems\PhysicsSystem.cpp,748,24462643172,6841955,2,
Physics::Step,C:\Users\╨┐╨║\Documents\GitHub\myengine\engine\src\ecs\systems\PhysicsSystem.cpp,748,24469485198,6398260,2,
Physics::Step,C:\Users\╨┐╨║\Documents\GitHub\myengine\engine\src\ecs\systems\PhysicsSystem.cpp,748,24487587094,6348466,2,
Physics::Step,C:\Users\╨┐╨║\Documents\GitHub\myengine\engine\src\ecs\systems\PhysicsSystem.cpp,748,24506410906,6998847,2,
Physics::Step,C:\Users\╨┐╨║\Documents\GitHub\myengine\engine\src\ecs\systems\PhysicsSystem.cpp,748,24525811354,6352424,2,
Physics::Step,C:\Users\╨┐╨║\Documents\GitHub\myengine\engine\src\ecs\systems\PhysicsSystem.cpp,748,24544452858,7032449,2,
Physics::Step,C:\Users\╨┐╨║\Documents\GitHub\myengine\engine\src\ecs\systems\PhysicsSystem.cpp,748,24551485337,6584836,2,
Physics::Step,C:\Users\╨┐╨║\Documents\GitHub\myengine\engine\src\ecs\systems\PhysicsSystem.cpp,748,24569941031,6199562,2,
Physics::Step,C:\Users\╨┐╨║\Documents\GitHub\myengine\engine\src\ecs\systems\PhysicsSystem.cpp,748,24588615228,6669467,2,
Physics::Step,C:\Users\╨┐╨║\Documents\GitHub\myengine\engine\src\ecs\systems\PhysicsSystem.cpp,748,24607384435,6865150,2,
Physics::Step,C:\Users\╨┐╨║\Documents\GitHub\myengine\engine\src\ecs\systems\PhysicsSystem.cpp,748,24625940196,7246315,2,
Physics::Step,C:\Users\╨┐╨║\Documents\GitHub\myengine\engine\src\ecs\systems\PhysicsSystem.cpp,748,24645797886,6239318,2,
Physics::Step,C:\Users\╨┐╨║\Documents\GitHub\myengine\engine\src\ecs\systems\PhysicsSystem.cpp,748,24652037254,7056173,2,
Physics::Step,C:\Users\╨┐╨║\Documents\GitHub\myengine\engine\src\ecs\systems\PhysicsSystem.cpp,748,24670649436,6325462,2,
Physics::Step,C:\Users\╨┐╨║\Documents\GitHub\myengine\engine\src\ecs\systems\PhysicsSystem.cpp,748,24688814644,6994075,2,
Physics::Step,C:\Users\╨┐╨║\Documents\GitHub\myengine\engine\src\ecs\systems\PhysicsSystem.cpp,748,24708369898,6362563,2,
Physics::Step,C:\Users\╨┐╨║\Documents\GitHub\myengine\engine\src\ecs\systems\PhysicsSystem.cpp,748,24727432479,6811125,2,
Physics::Step,C:\Users\╨┐╨║\Documents\GitHub\myengine\engine\src\ecs\systems\PhysicsSystem.cpp,748,24734243625,8758543,2,
Physics::Step,C:\Users\╨┐╨║\Documents\GitHub\myengine\engine\src\ecs\systems\PhysicsSystem.cpp,748,24756301078,6696762,2,
Physics::Step,C:\Users\╨┐╨║\Documents\GitHub\myengine\engine\src\ecs\systems\PhysicsSystem.cpp,748,24775790220,6640492,2,
Physics::Step,C:\Users\╨┐╨║\Documents\GitHub\myengine\engine\src\ecs\systems\PhysicsSystem.cpp,748,24794542705,6366992,2,
Physics::Step,C:\Users\╨┐╨║\Documents\GitHub\myengine\engine\src\ecs\systems\PhysicsSystem.cpp,748,24800909727,6530442,2,
Physics::Step,C:\Users\╨┐╨║\Documents\GitHub\myengine\engine\src\ecs\systems\PhysicsSystem.cpp,748,24819353830,6130601,2,
Physics::Step,C:\Users\╨┐╨║\Documents\GitHub\myengine\engine\src\ecs\systems\PhysicsSystem.cpp,748,24838070377,6927088,2,
Physics::Step,C:\Users\╨┐╨║\Documents\GitHub\myengine\engine\src\ecs\systems\PhysicsSystem.cpp,748,24857618497,6655140,2,
Physics::Step,C:\Users\╨┐╨║\Documents\GitHub\myengine\engine\src\ecs\systems\PhysicsSystem.cpp,748,24876637931,6632831,2,
Physics::Step,C:\Users\╨┐╨║\Documents\GitHub\myengine\engine\src\ecs\systems\PhysicsSystem.cpp,748,24897604937,6430222,2,
Physics::Step,C:\Users\╨┐╨║\Documents\GitHub\myengine\engine\src\ecs\systems\PhysicsSystem.cpp,748,24904035199,6881971,2,
Physics::Step,C:\Users\╨┐╨║\Documents\GitHub\myengine\engine\src\ecs\systems\PhysicsSystem.cpp,748,24922463716,6483142,2,
Physics::Step,C:\Users\╨┐╨║\Documents\GitHub\myengine\engine\src\ecs\systems\PhysicsSystem.cpp,748,24941249135,7223512,2,
Physics::Step,C:\Users\╨┐╨║\Documents\GitHub\myengine\engine\src\ecs\systems\PhysicsSystem.cpp,748,24961777141,6323548,2,
Physics::Step,C:\Users\╨┐╨║\Documents\GitHub\myengine\engine\src\ecs\systems\PhysicsSystem.cpp,748,24968100799,6669367,2,
Physics::Step,C:\Users\╨┐╨║\Documents\GitHub\myengine\engine\src\ecs\systems\PhysicsSystem.cpp,748,24986474514,7108566,2,
Physics::Step,C:\Users\╨┐╨║\Documents\GitHub\myengine\engine\src\ecs\systems\PhysicsSystem.cpp,748,25005992290,6492234,2,
Physics::Step,C:\Users\╨┐╨║\Documents\GitHub\myengine\engine\src\ecs\systems\PhysicsSystem.cpp,748,25024875680,6306897,2,
Physics::Step,C:\Users\╨┐╨║\Documents\GitHub\myengine\engine\src\ecs\systems\PhysicsSystem.cpp,748,25043457336,6529023,2,
Physics::Step,C:\Users\╨┐╨║\Documents\GitHub\myengine\engine\src\ecs\systems\PhysicsSystem.cpp,748,25062971386,7034075,2,
Physics::Step,C:\Users\╨┐╨║\Documents\GitHub\myengine\engine\src\ecs\systems\PhysicsSystem.cpp,748,25070005501,6667573,2,
Physics::Step,C:\Users\╨┐╨║\Documents\GitHub\myengine\engine\src\ecs\systems\PhysicsSystem.cpp,748,25088561839,6222065,2,
Physics::Step,C:\Users\╨┐╨║\Documents\GitHub\myengine\engine\src\ecs\systems\PhysicsSystem.cpp,748,25107055682,6552745,2,
Physics::Step,C:\Users\╨┐╨║\Documents\GitHub\myengine\engine\src\ecs\systems\PhysicsSystem.cpp,748,25128590780,7345694,2,
Physics::Step,C:\Users\╨┐╨║\Documents\GitHub\myengine\engine\src\ecs\systems\PhysicsSystem.cpp,748,25135936835,6689485,2,
Physics::Step,C:\Users\╨┐╨║\Documents\GitHub\myengine\engine\src\ecs\systems\PhysicsSystem.cpp,748,25154505440,6957135,2,
Physics::Step,C:\Users\╨┐╨║\Documents\GitHub\myengine\engine\src\ecs\systems\PhysicsSystem.cpp,748,25174216594,6746103,2,
Physics::Step,C:\Users\╨┐╨║\Documents\GitHub\myengine\engine\src\ecs\systems\PhysicsSystem.cpp,748,25193727448,6338267,2,
Physics::Step,C:\Users\╨┐╨║\Documents\GitHub\myengine\engine\src\ecs\systems\PhysicsSystem.cpp,748,25213153628,6447494,2,
Physics::Step,C:\Users\╨┐╨║\Documents\GitHub\myengine\engine\src\ecs\systems\PhysicsSystem.cpp,748,25219601232,6859249,2,
Physics::Step,C:\Users\╨┐╨║\Documents\GitHub\myengine\engine\src\ecs\systems\PhysicsSystem.cpp,748,25237996912,6488723,2,
Physics::Step,C:\Users\╨┐╨║\Documents\GitHub\myengine\engine\src\ecs\systems\PhysicsSystem.cpp,748,25256610153,6772423,2,
Physics::Step,C:\Users\╨┐╨║\Documents\GitHub\myengine\engine\src\ecs\systems\PhysicsSystem.cpp,748,25275920321,6694494,2,
Physics::Step,C:\Users\╨┐╨║\Documents\GitHub\myengine\engine\src\ecs\systems\PhysicsSystem.cpp,748,25295815221,7382374,2,
Physics::Step,C:\Users\╨┐╨║\Documents\GitHub\myengine\engine\src\ecs\systems\PhysicsSystem.cpp,748,25303197996,6797250,2,
Physics::Step,C:\Users\╨┐╨║\Documents\GitHub\myengine\engine\src\ecs\systems\PhysicsSystem.cpp,748,25322929675,6710526,2,
Physics::Step,C:\Users\╨┐╨║\Documents\GitHub\myengine\engine\src\ecs\systems\PhysicsSystem.cpp,748,25342245072,6800837,2,
Physics::Step,C:\Users\╨┐╨║\Documents\GitHub\myengine\engine\src\ecs\systems\PhysicsSystem.cpp,748,25361626485,6932007,2,
Physics::Step,C:\Users\╨┐╨║\Documents\GitHub\myengine\engine\src\ecs\systems\PhysicsSystem.cpp,748,25368558632,6465930,2,
Physics::Step,C:\Users\╨┐╨║\Documents\GitHub\myengine\engine\src\ecs\systems\PhysicsSystem.cpp,748,25387376652,7330205,2,
Physics::Step,C:\Users\╨┐╨║\Documents\GitHub\myengine\engine\src\ecs\systems\PhysicsSystem.cpp,748,25407812282,7291294,2,
Physics::Step,C:\Users\╨┐╨║\Documents\GitHub\myengine\engine\src\ecs\systems\PhysicsSystem.cpp,748,25427156399,7205501,2,
Physics::Step,C:\Users\╨┐╨║\Documents\GitHub\myengine\engine\src\ecs\systems\PhysicsSystem.cpp,748,25447768609,6586890,2,
Physics::Step,C:\Users\╨┐╨║\Documents\GitHub\myengine\engine\src\ecs\systems\PhysicsSystem.cpp,748,25454355720,7206720,2,
Physics::Step,C:\Users\╨┐╨║\Documents\GitHub\myengine\engine\src\ecs\systems\PhysicsSystem.cpp,748,25473301292,6165187,2,
Physics::Step,C:\Users\╨┐╨║\Documents\GitHub\myengine\engine\src\ecs\systems\PhysicsSystem.cpp,748,25491780838,6836936,2,
Physics::Step,C:\Users\╨┐╨║\Documents\GitHub\myengine\engine\src\ecs\systems\PhysicsSystem.cpp,748,25511227956,6157913,2,
Physics::Step,C:\Users\╨┐╨║\Documents\GitHub\myengine\engine\src\ecs\systems\PhysicsSystem.cpp,748,25517385889,7023762,2,
Physics::Step,C:\Users\╨┐╨║\Documents\GitHub\myengine\engine\src\ecs\systems\PhysicsSystem.cpp,748,25537031485,6456331,2,
Physics::Step,C:\Users\╨┐╨║\Documents\GitHub\myengine\engine\src\ecs\systems\PhysicsSystem.cpp,748,25555577487,6505805,2,
Physics::Step,C:\Users\╨┐╨║\Documents\GitHub\myengine\engine\src\ecs\systems\PhysicsSystem.cpp,748,25574512129,6321886,2,
Physics::Step,C:\Users\╨┐╨║\Documents\GitHub\myengine\engine\src\ecs\systems\PhysicsSystem.cpp,748,25593186110,7025539,2,
Physics::Step,C:\Users\╨┐╨║\Documents\GitHub\myengine\engine\src\ecs\systems\PhysicsSystem.cpp,748,25612455341,6917075,2,
Physics::Step,C:\Users\╨┐╨║\Documents\GitHub\myengine\engine\src\ecs\systems\PhysicsSystem.cpp,748,25619372476,7173216,2,
Physics::Step,C:\Users\╨┐╨║\Documents\GitHub\myengine\engine\src\ecs\systems\PhysicsSystem.cpp,748,25641190249,7721199,2,
Physics::Step,C:\Users\╨┐╨║\Documents\GitHub\myengine\engine\src\ecs\systems\PhysicsSystem.cpp,748,25660801483,7488316,2,
Physics::Step,C:\Users\╨┐╨║\Documents\GitHub\myengine\engine\src\ecs\systems\PhysicsSystem.cpp,748,25668289809,6092899,2,
Physics::Step,C:\Users\╨┐╨║\Documents\GitHub\myengine\engine\src\ecs\systems\PhysicsSystem.cpp,748,25686837080,7294527,2,
Physics::Step,C:\Users\╨┐╨║\Documents\GitHub\myengine\engine\src\ecs\systems\PhysicsSystem.cpp,748,25707314549,6631715,2,
Physics::Step,C:\Users\╨┐╨║\Documents\GitHub\myengine\engine\src\ecs\systems\PhysicsSystem.cpp,748,25726715362,7187744,2,
Physics::Step,C:\Users\╨┐╨║\Documents\GitHub\myengine\engine\src\ecs\systems\PhysicsSystem.cpp,748,25749220263,6875933,2,
Physics::Step,C:\Users\╨┐╨║\Documents\GitHub\myengine\engine\src\ecs\systems\PhysicsSystem.cpp,748,25756096366,6128508,2,
Physics::Step,C:\Users\╨┐╨║\Documents\GitHub\myengine\engine\src\ecs\systems\PhysicsSystem.cpp,748,25775270566,6473624,2,
